network unknown {
}
variable Fault {
  type discrete [ 63 ] { AIDS_early, AILD, ALIP, Cat_scratch_disease, Dermatopathic_laden, Florid_follic_hyperp, GLH_hyaline_vacular, GLH_plasma_cell_type, Granulomatous_laden, Histiocytosis_x, Infectious_mono, Leprosy, Lymphangiographic, Mantle_zone_hyperl, Necrotizing_kikuchi, Necrotiz_nonKikuchi, Rheumatoid_arthritis, Sarcoidosis, SHML, Sinus_hyperplasia, Syphilis, Toxoplasmosis, Tuberculosis, Viral_NOS, Whipple_s_disease, L_H_nodular_HD, L_H_diffuse_HD, Nodular_sclerosis, Cellular_phase_NSHD, Syncytial_NSHD, Mixed_cellularity_HD, Interfollicular_HD, Diffuse_fibrosis_HD, Reticular_type_HD, Small_cleaved__fol, Mixed__fol, Large_cell__fol, Small_noncleaved_fol, Small_lymphocytic, Plasmacytoid_lyctic, Mantle_zone, Small_cleaved__dif, Mixed__fcc_dif, Large_cell__dif, B_immunoblastic, T_immunob_mix, IBL_like_T_cell_lym, Japanese_ATL, Lymphoblastic, Small_noncleaved_dif, True_histiocytic, Malig_histiocytosis, Multiple_myeloma, Mycosis_fungoides, AML, Hairy_cell_leukemia, Carcinoma, Melanoma, Em_plasmacytoma, Kaposis_sarcoma, Mast_cell_disease, AIDS_involutionary, T_immunob_lrg };
}
variable F1 {
  type discrete [ 2 ] { Absent, Present };
}
variable F97 {
  type discrete [ 2 ] { Absent, Present };
}
variable F2 {
  type discrete [ 3 ] { NA, No, Yes };
}
variable F78 {
  type discrete [ 3 ] { NA, No, Yes };
}
variable F3 {
  type discrete [ 3 ] { NA, No, Yes };
}
variable F4 {
  type discrete [ 3 ] { NA, No, Yes };
}
variable F5 {
  type discrete [ 4 ] { NA, None, One, More_than_one };
}
variable F53 {
  type discrete [ 4 ] { Absent, Focal__non_extensive_, Multifocal__non_extensive_, Extensive };
}
variable F6 {
  type discrete [ 4 ] { Absent, Slight, Moderate, Marked };
}
variable F7 {
  type discrete [ 5 ] { Absent, Rare, Focal, Multifocal, Extensive };
}
variable F56 {
  type discrete [ 4 ] { Absent, Focal__non_extensive_, Multifocal__non_extensive_, Extensive };
}
variable F8 {
  type discrete [ 3 ] { Absent_to_slight___5__, Moderate__5_50__, Marked___50__ };
}
variable F9 {
  type discrete [ 5 ] { Absent, Rare, Focal_SS_pattern, Multifocal_SS_pattern, Extensive_SS_pattern };
}
variable F10 {
  type discrete [ 2 ] { Absent, Present };
}
variable F55 {
  type discrete [ 4 ] { Absent, Rare___3_, Present__3_20_, Many___20_ };
}
variable F52 {
  type discrete [ 4 ] { Absent, Rare___3_, Present__3_20_, Many___20_ };
}
variable F11 {
  type discrete [ 5 ] { Absent, Rare___3_, Present__3_15_, Many__16_50_, Striking___50_ };
}
variable F12 {
  type discrete [ 2 ] { Absent, Present };
}
variable F13 {
  type discrete [ 3 ] { Absent, Present__1_2_, Prominent___2_ };
}
variable F14 {
  type discrete [ 2 ] { Absent, Present };
}
variable F15 {
  type discrete [ 2 ] { Absent, Present };
}
variable F16 {
  type discrete [ 3 ] { Absent, Present, Prominent };
}
variable F17 {
  type discrete [ 3 ] { Absent, Present___5__, Prominent___5__ };
}
variable F18 {
  type discrete [ 4 ] { NA, No, Some, Many };
}
variable F19 {
  type discrete [ 3 ] { Absent, Present___5__, Prominent___5__ };
}
variable F41 {
  type discrete [ 2 ] { Absent, Present };
}
variable F44 {
  type discrete [ 2 ] { Absent, Present };
}
variable F20 {
  type discrete [ 4 ] { Absent, Rare__1_10__, Present__11_50__, Many__51_70__ };
}
variable F90 {
  type discrete [ 4 ] { Absent, Slight___10_, Moderate__10_20_, Marked___20_ };
}
variable F21 {
  type discrete [ 3 ] { Absent, Present, Prominent };
}
variable F22 {
  type discrete [ 3 ] { NA, Absent, Present };
}
variable F23 {
  type discrete [ 2 ] { Absent, Present };
}
variable F24 {
  type discrete [ 2 ] { Absent, Present };
}
variable F25 {
  type discrete [ 3 ] { Absent, Present__1_5_, Prominent___5_ };
}
variable F26 {
  type discrete [ 2 ] { Absent, Present };
}
variable F27 {
  type discrete [ 2 ] { Absent, Present };
}
variable F28 {
  type discrete [ 2 ] { Negative, Positive };
}
variable F92 {
  type discrete [ 2 ] { Absent, Present };
}
variable F29 {
  type discrete [ 2 ] { Negative, Positive };
}
variable F98 {
  type discrete [ 5 ] { NA, x1_25_, x25_75_, x75_90_, x_90_ };
}
variable F30 {
  type discrete [ 6 ] { NA, No_expansion, Sml__each___10__, Large_focus_foci, Uniform_mild_mod_exp, Uniform_marked_exp };
}
variable F31 {
  type discrete [ 2 ] { Absent, Present };
}
variable F32 {
  type discrete [ 3 ] { Absent, Present, Prominent };
}
variable F33 {
  type discrete [ 5 ] { Absent, Rare___6_, Few__6_25_, Many__26_100_, Striking___100_ };
}
variable F34 {
  type discrete [ 2 ] { Absent, Present };
}
variable F35 {
  type discrete [ 6 ] { Absent, Rare___6_cells_, Few__6_25_cells_, Many__26___100_cells_, Striking___100_cells_, Sheets___50__of_sec_ };
}
variable F36 {
  type discrete [ 3 ] { Absent, Present__1_5_, Prominent___5_ };
}
variable F37 {
  type discrete [ 2 ] { Absent, Present };
}
variable F84 {
  type discrete [ 4 ] { Absent, Rare__1_10__, Present__11_50__, Many__51_70__ };
}
variable F96 {
  type discrete [ 4 ] { NA, Other, LC, LNC };
}
variable F38 {
  type discrete [ 5 ] { NA, Clumped, Vesicular, Fine_and_delicate, Cartwheel };
}
variable F39 {
  type discrete [ 4 ] { NA, Scanty, Mod_abund_clear, Mod_abund_deep };
}
variable F40 {
  type discrete [ 8 ] { NA, Round__most_, Slightly_irregular__most_, Irregular__most_, Convoluted__some_, Cerebriform__some_, Multilobated__some_, Mulberry__some_ };
}
variable F42 {
  type discrete [ 9 ] { NA, x_80__6_12u_pr_vr_ns, x_80__6_12u_no_pr_vr_ns, x_50__13_20u_nucleoli, x_50__13_20u_no_nucleoli, x_50___20u_nucleoli, x_50___20u_no_nucleoli, mixed__sml_cl_pr_var_ns, mixed__sml_cl_not_pr_vr };
}
variable F43 {
  type discrete [ 3 ] { Absent, Present__1_50_, Prominent___50_ };
}
variable F45 {
  type discrete [ 2 ] { Absent, Present };
}
variable F46 {
  type discrete [ 4 ] { x0_5, x6_15, x16_50, x_50 };
}
variable F47 {
  type discrete [ 5 ] { NA, Clumped, Vesicular, Fine_and_delicate, Cartwheel };
}
variable F85 {
  type discrete [ 4 ] { Absent, Rare__1_10__, Present__11_50__, Many__51_70__ };
}
variable F48 {
  type discrete [ 4 ] { NA, Scanty, Mod_abund_clear, Mod_abund_deep };
}
variable F49 {
  type discrete [ 7 ] { NA, Round, Slightly_irregular, Irregular, Convoluted, Cerebriform, Multilobulated };
}
variable F50 {
  type discrete [ 6 ] { NA, No_nucleoli, x1_small, x1_prominent__central_, x_1_central, x_1_peripheral };
}
variable F51 {
  type discrete [ 4 ] { Absent, Present___5__, Prominent__5_50__, Confluence___50__ };
}
variable F83 {
  type discrete [ 5 ] { NA, Sparse___10__, Moderate__11_50__, Numerous__51_90__, Striking___90__ };
}
variable F54 {
  type discrete [ 4 ] { Absent, Focal__non_extensive_, Multifocal__non_extensive_, Extensive };
}
variable F57 {
  type discrete [ 2 ] { Absent, Present };
}
variable F58 {
  type discrete [ 3 ] { Absent, Present, Prominent };
}
variable F59 {
  type discrete [ 2 ] { Absent, Present };
}
variable F60 {
  type discrete [ 3 ] { Absent, Present, Prominent };
}
variable F61 {
  type discrete [ 6 ] { Absent, Few___5__, Moderate__6_20__, Marked__21_50__, Striking__51_90__, Sheets___90__ };
}
variable F62 {
  type discrete [ 6 ] { NA, Mature, Immature, Blastic, Pleomorphic, Mixed };
}
variable F63 {
  type discrete [ 5 ] { Absent, Rare___6_, Few__6_25_, Many__26_100_, Striking___100_ };
}
variable F64 {
  type discrete [ 2 ] { Absent, Present };
}
variable F65 {
  type discrete [ 2 ] { Absent, Present };
}
variable F66 {
  type discrete [ 2 ] { Absent, Present };
}
variable F67 {
  type discrete [ 2 ] { Absent, Present };
}
variable F68 {
  type discrete [ 2 ] { Absent, Present };
}
variable F69 {
  type discrete [ 2 ] { Absent, Present };
}
variable F72 {
  type discrete [ 2 ] { Absent, Present };
}
variable F86 {
  type discrete [ 4 ] { Absent, Rare__1_10__, Present__11_50__, Many__51_70__ };
}
variable F70 {
  type discrete [ 4 ] { NA, Scanty, Mod_abund_clear, Mod_abund_deep };
}
variable F71 {
  type discrete [ 8 ] { NA, Round, Slightly_irregular, Irregular, Markedly_irregular, Convoluted, Cerebriform, Multilobulated };
}
variable F73 {
  type discrete [ 5 ] { Absent, Rare___6_, Few__6_25_, Many__26_100_, Striking___100_ };
}
variable F74 {
  type discrete [ 4 ] { Distended, Patent, Part_greatly_obliterated, Completely_obliterated };
}
variable F75 {
  type discrete [ 2 ] { No, Yes };
}
variable F76 {
  type discrete [ 5 ] { Absent, Slight, Moderate, Marked, Pronounced };
}
variable F77 {
  type discrete [ 2 ] { Absent, Present };
}
variable F79 {
  type discrete [ 3 ] { Absent, Present, Prominent };
}
variable F80 {
  type discrete [ 2 ] { Absent, Present };
}
variable F81 {
  type discrete [ 5 ] { NA, Sparse__1_10__, Moderate__11_50__, Numerous__51_90__, Striking___90__ };
}
variable F82 {
  type discrete [ 5 ] { NA, Sparse___10__, Moderate__11_50__, Numerous__51_90__, Striking___90__ };
}
variable F87 {
  type discrete [ 2 ] { Absent, Present };
}
variable F88 {
  type discrete [ 2 ] { Absent, Present };
}
variable F89 {
  type discrete [ 2 ] { Absent, Present };
}
variable F91 {
  type discrete [ 2 ] { Absent, Present };
}
variable F93 {
  type discrete [ 2 ] { No, Yes };
}
variable F94 {
  type discrete [ 6 ] { NA, No_nucleoli, x1_small, x1_prominent__central_, x_1_central, x_1_peripheral };
}
variable F95 {
  type discrete [ 5 ] { NA, Clumped, Vesicular, Fine_and_delicate, Plasmacytoid };
}
variable F99 {
  type discrete [ 5 ] { NA, Back_to_back, Closely_packed, Separated, Far_apart };
}
variable F100 {
  type discrete [ 5 ] { NA, Absent, Slight__1_15_, Moderate__16_30_, Marked___30_ };
}
variable F105 {
  type discrete [ 3 ] { NA, Absent, Present };
}
variable F101 {
  type discrete [ 8 ] { NA, Some_fusion, Form__4_nod_in_4sqcm, Form_1_4_nod_in_4sqcm, Most_thick___10_cells_, Most_completely_encircle, Most_partially_encircle, Most_absent };
}
variable F102 {
  type discrete [ 3 ] { NA, Absent, Present };
}
variable F103 {
  type discrete [ 4 ] { NA, Almost_all_well_def, Both_well_and_poor_def, Almost_all_poor_def };
}
variable F104 {
  type discrete [ 4 ] { NA, x0_20, x21_50, x_50 };
}
variable F106 {
  type discrete [ 4 ] { NA, Yes, Some_similar, None_similar };
}
variable F107 {
  type discrete [ 3 ] { NA, No, Yes };
}
variable F108 {
  type discrete [ 2 ] { Absent, Present };
}
probability ( Fault | F99 ) {
  (NA) 0.0000000000, 0.0011507480, 0.0186037591, 0.0001917913, 0.0001917913, 0.0000000000, 0.0000000000, 0.0000000000, 0.0003835827, 0.0001917913, 0.0007671653, 0.0097813579, 0.0003835827, 0.0000000000, 0.0000000000, 0.0003835827, 0.0000000000, 0.0044112006, 0.0000000000, 0.0000000000, 0.0000000000, 0.0000000000, 0.0143843498, 0.0000000000, 0.0000000000, 0.0195627158, 0.0093977752, 0.1298427311, 0.0086306099, 0.0078634446, 0.0817031070, 0.0000000000, 0.0092059839, 0.0101649405, 0.0000000000, 0.0000000000, 0.0000000000, 0.0000000000, 0.0314537783, 0.0166858458, 0.0001917913, 0.0090141926, 0.0178365938, 0.2648638282, 0.0301112390, 0.0306866130, 0.0316455696, 0.0013425393, 0.0193709244, 0.1277330265, 0.0047947833, 0.0030686613, 0.0003835827, 0.0015343306, 0.0011507480, 0.0000000000, 0.0099731492, 0.0032604526, 0.0061373226, 0.0178365938, 0.0069044879, 0.0021097046, 0.0347142309;
  (Back_to_back) 0.002578981, 0.000000000, 0.000000000, 0.000000000, 0.000000000, 0.003868472, 0.000000000, 0.000000000, 0.000000000, 0.000000000, 0.000000000, 0.000000000, 0.000000000, 0.000000000, 0.000000000, 0.000000000, 0.000000000, 0.000000000, 0.000000000, 0.000000000, 0.000000000, 0.000000000, 0.000000000, 0.000000000, 0.000000000, 0.000000000, 0.000000000, 0.000000000, 0.000000000, 0.000000000, 0.000000000, 0.000000000, 0.000000000, 0.000000000, 0.506125081, 0.296582850, 0.163120567, 0.027724049, 0.000000000, 0.000000000, 0.000000000, 0.000000000, 0.000000000, 0.000000000, 0.000000000, 0.000000000, 0.000000000, 0.000000000, 0.000000000, 0.000000000, 0.000000000, 0.000000000, 0.000000000, 0.000000000, 0.000000000, 0.000000000, 0.000000000, 0.000000000, 0.000000000, 0.000000000, 0.000000000, 0.000000000, 0.000000000;
  (Closely_packed) 0.077079108, 0.000000000, 0.000000000, 0.000000000, 0.000000000, 0.103448276, 0.000000000, 0.000000000, 0.004056795, 0.000000000, 0.000000000, 0.000000000, 0.000000000, 0.020283976, 0.000000000, 0.000000000, 0.000000000, 0.000000000, 0.000000000, 0.000000000, 0.000000000, 0.000000000, 0.000000000, 0.000000000, 0.000000000, 0.000000000, 0.000000000, 0.000000000, 0.000000000, 0.000000000, 0.000000000, 0.000000000, 0.000000000, 0.000000000, 0.371196755, 0.237322515, 0.115618661, 0.020283976, 0.000000000, 0.000000000, 0.050709939, 0.000000000, 0.000000000, 0.000000000, 0.000000000, 0.000000000, 0.000000000, 0.000000000, 0.000000000, 0.000000000, 0.000000000, 0.000000000, 0.000000000, 0.000000000, 0.000000000, 0.000000000, 0.000000000, 0.000000000, 0.000000000, 0.000000000, 0.000000000, 0.000000000, 0.000000000;
  (Separated) 0.138743455, 0.000000000, 0.000000000, 0.013089005, 0.040575916, 0.246073298, 0.011780105, 0.006544503, 0.058900524, 0.003926702, 0.023560209, 0.001308901, 0.001308901, 0.112565445, 0.023560209, 0.039267016, 0.011780105, 0.000000000, 0.001308901, 0.011780105, 0.011780105, 0.037958115, 0.000000000, 0.041884817, 0.005235602, 0.000000000, 0.000000000, 0.018324607, 0.001308901, 0.001308901, 0.003926702, 0.005235602, 0.000000000, 0.000000000, 0.000000000, 0.000000000, 0.000000000, 0.000000000, 0.000000000, 0.000000000, 0.071989529, 0.000000000, 0.000000000, 0.000000000, 0.000000000, 0.000000000, 0.000000000, 0.000000000, 0.000000000, 0.000000000, 0.000000000, 0.000000000, 0.000000000, 0.001308901, 0.000000000, 0.000000000, 0.009162304, 0.009162304, 0.000000000, 0.000000000, 0.000000000, 0.035340314, 0.000000000;
  (Far_apart) 0.0283114257, 0.0000000000, 0.0070778564, 0.0131445905, 0.0333670374, 0.0348837209, 0.0182002022, 0.0085945399, 0.0449949444, 0.0222446916, 0.0323559151, 0.0030333670, 0.0505561173, 0.0176946411, 0.0262891810, 0.0505561173, 0.0045500506, 0.0005055612, 0.0045500506, 0.0657229525, 0.0116279070, 0.0247724975, 0.0075834176, 0.0449949444, 0.0131445905, 0.0005055612, 0.0005055612, 0.0793731041, 0.0035389282, 0.0025278059, 0.0455005056, 0.0176946411, 0.0000000000, 0.0000000000, 0.0000000000, 0.0000000000, 0.0000000000, 0.0000000000, 0.0020222447, 0.0000000000, 0.0126390293, 0.0000000000, 0.0000000000, 0.0010111223, 0.0000000000, 0.0212335693, 0.0000000000, 0.0000000000, 0.0030333670, 0.0005055612, 0.0000000000, 0.0000000000, 0.0040444894, 0.0257836198, 0.0126390293, 0.0010111223, 0.0773508595, 0.0353892821, 0.0000000000, 0.0000000000, 0.0000000000, 0.0849342770, 0.0000000000;
}
probability ( F1 | F56, F36 ) {
  (Absent, Absent) 1.0, 0.0;
  (Focal__non_extensive_, Absent) 1.0, 0.0;
  (Multifocal__non_extensive_, Absent) 0.998482549, 0.001517451;
  (Extensive, Absent) 0.96511628, 0.03488372;
  (Absent, Present__1_5_) 1.0, 0.0;
  (Focal__non_extensive_, Present__1_5_) 0.8888889, 0.1111111;
  (Multifocal__non_extensive_, Present__1_5_) 0.36, 0.64;
  (Extensive, Present__1_5_) 0.05714286, 0.94285714;
  (Absent, Prominent___5_) 1.0, 0.0;
  (Focal__non_extensive_, Prominent___5_) 0.5, 0.5;
  (Multifocal__non_extensive_, Prominent___5_) 0.2, 0.8;
  (Extensive, Prominent___5_) 0.1333333, 0.8666667;
}
probability ( F97 | F78 ) {
  (NA) 1.0, 0.0;
  (No) 0.0, 1.0;
  (Yes) 0.0, 1.0;
}
probability ( F2 | F41, F92, F99 ) {
  (Absent, Absent, NA) 1.0, 0.0, 0.0;
  (Present, Absent, NA) 1.0, 0.0, 0.0;
  (Absent, Present, NA) 1.0, 0.0, 0.0;
  (Present, Present, NA) 1.0, 0.0, 0.0;
  (Absent, Absent, Back_to_back) 0.0, 1.0, 0.0;
  (Present, Absent, Back_to_back) 0.0, 1.0, 0.0;
  (Absent, Present, Back_to_back) 0.0, 1.0, 0.0;
  (Present, Present, Back_to_back) 0.0, 1.0, 0.0;
  (Absent, Absent, Closely_packed) 0.0000000, 0.7265625, 0.2734375;
  (Present, Absent, Closely_packed) 0.0, 1.0, 0.0;
  (Absent, Present, Closely_packed) 0.00000000, 0.97297297, 0.02702703;
  (Present, Present, Closely_packed) 0.0, 1.0, 0.0;
  (Absent, Absent, Separated) 0.0000000, 0.7016807, 0.2983193;
  (Present, Absent, Separated) 0.00000000, 0.97385621, 0.02614379;
  (Absent, Present, Separated) 0.0000000, 0.7925926, 0.2074074;
  (Present, Present, Separated) 0.3333333, 0.3333333, 0.3333333;
  (Absent, Absent, Far_apart) 0.00000000, 0.90660377, 0.09339623;
  (Present, Absent, Far_apart) 0.00000000, 0.98959881, 0.01040119;
  (Absent, Present, Far_apart) 0.0000000, 0.2631579, 0.7368421;
  (Present, Present, Far_apart) 0.0, 1.0, 0.0;
}
probability ( F78 | F4, F92 ) {
  (NA, Absent) 1.0, 0.0, 0.0;
  (No, Absent) 0.00000000, 0.99741359, 0.00258641;
  (Yes, Absent) 0.00000000, 0.98947368, 0.01052632;
  (NA, Present) 1.0, 0.0, 0.0;
  (No, Present) 0.00000000, 0.90232558, 0.09767442;
  (Yes, Present) 0.0000000, 0.6412556, 0.3587444;
}
probability ( F3 | F4, F92 ) {
  (NA, Absent) 1.0, 0.0, 0.0;
  (No, Absent) 0.000000000, 0.995532565, 0.004467435;
  (Yes, Absent) 0.00000000, 0.96842105, 0.03157895;
  (NA, Present) 1.0, 0.0, 0.0;
  (No, Present) 0.00000000, 0.94418605, 0.05581395;
  (Yes, Present) 0.0000000, 0.7488789, 0.2511211;
}
probability ( F4 | F92, F98 ) {
  (Absent, NA) 1.0, 0.0, 0.0;
  (Present, NA) 1.0, 0.0, 0.0;
  (Absent, x1_25_) 0.00000000, 0.97292627, 0.02707373;
  (Present, x1_25_) 0.0000000, 0.8942308, 0.1057692;
  (Absent, x25_75_) 0.0000000, 0.9576087, 0.0423913;
  (Present, x25_75_) 0.0000000, 0.2089552, 0.7910448;
  (Absent, x75_90_) 0.00000000, 0.98707593, 0.01292407;
  (Present, x75_90_) 0.00000000, 0.02857143, 0.97142857;
  (Absent, x_90_) 0.0000000000, 0.9990680336, 0.0009319664;
  (Present, x_90_) 0.0000000, 0.4782609, 0.5217391;
}
probability ( F5 | F2 ) {
  (NA) 1.0, 0.0, 0.0, 0.0;
  (No) 0.00000000, 0.99883775, 0.00116225, 0.00000000;
  (Yes) 0.00000000, 0.87603306, 0.05165289, 0.07231405;
}
probability ( F53 | Fault ) {
  (AIDS_early) 0.30882353, 0.38725490, 0.28921569, 0.01470588;
  (AILD) 0.6666667, 0.1666667, 0.1666667, 0.0000000;
  (ALIP) 0.72972973, 0.24324324, 0.02702703, 0.00000000;
  (Cat_scratch_disease) 0.45945946, 0.21621622, 0.29729730, 0.02702703;
  (Dermatopathic_laden) 0.03061224, 0.25510204, 0.59183673, 0.12244898;
  (Florid_follic_hyperp) 0.68471338, 0.29617834, 0.01910828, 0.00000000;
  (GLH_hyaline_vacular) 0.91111111, 0.08888889, 0.00000000, 0.00000000;
  (GLH_plasma_cell_type) 0.95454545, 0.04545455, 0.00000000, 0.00000000;
  (Granulomatous_laden) 0.48550725, 0.47101449, 0.04347826, 0.00000000;
  (Histiocytosis_x) 0.95833333, 0.04166667, 0.00000000, 0.00000000;
  (Infectious_mono) 0.2790698, 0.3953488, 0.3255814, 0.0000000;
  (Leprosy) 0.29310345, 0.46551724, 0.20689655, 0.03448276;
  (Lymphangiographic) 0.92233010, 0.05825243, 0.01941748, 0.00000000;
  (Mantle_zone_hyperl) 0.923664122, 0.068702290, 0.007633588, 0.000000000;
  (Necrotizing_kikuchi) 0.48571429, 0.50000000, 0.01428571, 0.00000000;
  (Necrotiz_nonKikuchi) 0.45454545, 0.47727273, 0.06818182, 0.00000000;
  (Rheumatoid_arthritis) 0.8888889, 0.1111111, 0.0000000, 0.0000000;
  (Sarcoidosis) 0.95833333, 0.04166667, 0.00000000, 0.00000000;
  (SHML) 1.0, 0.0, 0.0, 0.0;
  (Sinus_hyperplasia) 0.93525180, 0.04316547, 0.02158273, 0.00000000;
  (Syphilis) 0.71875, 0.28125, 0.00000, 0.00000;
  (Toxoplasmosis) 0.91025641, 0.07692308, 0.01282051, 0.00000000;
  (Tuberculosis) 0.95555556, 0.02222222, 0.02222222, 0.00000000;
  (Viral_NOS) 0.28099174, 0.38842975, 0.31404959, 0.01652893;
  (Whipple_s_disease) 0.96666667, 0.03333333, 0.00000000, 0.00000000;
  (L_H_nodular_HD) 0.93203883, 0.06796117, 0.00000000, 0.00000000;
  (L_H_diffuse_HD) 0.98, 0.02, 0.00, 0.00;
  (Nodular_sclerosis) 0.951650943, 0.043632075, 0.004716981, 0.000000000;
  (Cellular_phase_NSHD) 0.94339623, 0.03773585, 0.01886792, 0.00000000;
  (Syncytial_NSHD) 0.93617021, 0.06382979, 0.00000000, 0.00000000;
  (Mixed_cellularity_HD) 0.92678227, 0.05587669, 0.01734104, 0.00000000;
  (Interfollicular_HD) 0.97435897, 0.02564103, 0.00000000, 0.00000000;
  (Diffuse_fibrosis_HD) 0.95833333, 0.04166667, 0.00000000, 0.00000000;
  (Reticular_type_HD) 0.94339623, 0.03773585, 0.01886792, 0.00000000;
  (Small_cleaved__fol) 0.950413223, 0.041322314, 0.008264463, 0.000000000;
  (Mixed__fol) 0.944540728, 0.050259965, 0.005199307, 0.000000000;
  (Large_cell__fol) 0.92903226, 0.05161290, 0.01935484, 0.00000000;
  (Small_noncleaved_fol) 0.90566038, 0.09433962, 0.00000000, 0.00000000;
  (Small_lymphocytic) 0.95238095, 0.03571429, 0.01190476, 0.00000000;
  (Plasmacytoid_lyctic) 0.89655172, 0.08045977, 0.02298851, 0.00000000;
  (Mantle_zone) 0.933962264, 0.056603774, 0.009433962, 0.000000000;
  (Small_cleaved__dif) 0.9787234, 0.0212766, 0.0000000, 0.0000000;
  (Mixed__fcc_dif) 0.92473118, 0.06451613, 0.01075269, 0.00000000;
  (Large_cell__dif) 0.94432393, 0.04483008, 0.01084599, 0.00000000;
  (B_immunoblastic) 0.923566879, 0.070063694, 0.006369427, 0.000000000;
  (T_immunob_mix) 0.93564356, 0.05445545, 0.00990099, 0.00000000;
  (IBL_like_T_cell_lym) 0.56969697, 0.38181818, 0.03636364, 0.01212121;
  (Japanese_ATL) 0.2857143, 0.7142857, 0.0000000, 0.0000000;
  (Lymphoblastic) 0.98130841, 0.01869159, 0.00000000, 0.00000000;
  (Small_noncleaved_dif) 0.949025487, 0.041979010, 0.008995502, 0.000000000;
  (True_histiocytic) 1.0, 0.0, 0.0, 0.0;
  (Malig_histiocytosis) 0.8750, 0.0625, 0.0625, 0.0000;
  (Multiple_myeloma) 1.0, 0.0, 0.0, 0.0;
  (Mycosis_fungoides) 0.0000000, 0.1000000, 0.7666667, 0.1333333;
  (AML) 0.93548387, 0.03225806, 0.03225806, 0.00000000;
  (Hairy_cell_leukemia) 1.0, 0.0, 0.0, 0.0;
  (Carcinoma) 0.91981132, 0.06132075, 0.01886792, 0.00000000;
  (Melanoma) 0.2553191, 0.4255319, 0.3085106, 0.0106383;
  (Em_plasmacytoma) 0.9375, 0.0625, 0.0000, 0.0000;
  (Kaposis_sarcoma) 0.31182796, 0.32258065, 0.35483871, 0.01075269;
  (Mast_cell_disease) 0.94444444, 0.05555556, 0.00000000, 0.00000000;
  (AIDS_involutionary) 0.262135922, 0.436893204, 0.296116505, 0.004854369;
  (T_immunob_lrg) 0.95027624, 0.03867403, 0.01104972, 0.00000000;
}
probability ( F6 | F53, F25 ) {
  (Absent, Absent) 0.9486086739, 0.0508899474, 0.0000000000, 0.0005013788;
  (Focal__non_extensive_, Absent) 0.7470703, 0.2529297, 0.0000000, 0.0000000;
  (Multifocal__non_extensive_, Absent) 0.445414847, 0.410480349, 0.141921397, 0.002183406;
  (Extensive, Absent) 0.00000000, 0.03448276, 0.37931034, 0.58620690;
  (Absent, Present__1_5_) 0.83582090, 0.06965174, 0.02985075, 0.06467662;
  (Focal__non_extensive_, Present__1_5_) 0.800, 0.150, 0.025, 0.025;
  (Multifocal__non_extensive_, Present__1_5_) 0.6470588, 0.2352941, 0.1176471, 0.0000000;
  (Extensive, Present__1_5_) 0.0, 0.0, 0.5, 0.5;
  (Absent, Prominent___5_) 0.82857143, 0.06285714, 0.04571429, 0.06285714;
  (Focal__non_extensive_, Prominent___5_) 0.7777778, 0.2222222, 0.0000000, 0.0000000;
  (Multifocal__non_extensive_, Prominent___5_) 0.63636364, 0.27272727, 0.09090909, 0.00000000;
  (Extensive, Prominent___5_) 0.0, 0.0, 0.5, 0.5;
}
probability ( F7 | F24, F25 ) {
  (Absent, Absent) 0.969329680, 0.025400506, 0.003583474, 0.001686341, 0.000000000;
  (Present, Absent) 0.0, 1.0, 0.0, 0.0, 0.0;
  (Absent, Present__1_5_) 0.62500000, 0.06666667, 0.04166667, 0.18333333, 0.08333333;
  (Present, Present__1_5_) 0.00, 0.55, 0.15, 0.20, 0.10;
  (Absent, Prominent___5_) 0.60930233, 0.06976744, 0.06046512, 0.16279070, 0.09767442;
  (Present, Prominent___5_) 0.00000000, 0.69444444, 0.13888889, 0.13888889, 0.02777778;
}
probability ( F56 | Fault ) {
  (AIDS_early) 0.9754902, 0.0245098, 0.0000000, 0.0000000;
  (AILD) 1.0, 0.0, 0.0, 0.0;
  (ALIP) 0.990990991, 0.009009009, 0.000000000, 0.000000000;
  (Cat_scratch_disease) 0.00000000, 0.48648649, 0.48648649, 0.02702703;
  (Dermatopathic_laden) 1.0, 0.0, 0.0, 0.0;
  (Florid_follic_hyperp) 0.993630573, 0.003184713, 0.003184713, 0.000000000;
  (GLH_hyaline_vacular) 1.0, 0.0, 0.0, 0.0;
  (GLH_plasma_cell_type) 0.95454545, 0.04545455, 0.00000000, 0.00000000;
  (Granulomatous_laden) 0.70289855, 0.25362319, 0.04347826, 0.00000000;
  (Histiocytosis_x) 0.08333333, 0.75000000, 0.12500000, 0.04166667;
  (Infectious_mono) 0.91860465, 0.08139535, 0.00000000, 0.00000000;
  (Leprosy) 0.5000000, 0.3965517, 0.1034483, 0.0000000;
  (Lymphangiographic) 1.0, 0.0, 0.0, 0.0;
  (Mantle_zone_hyperl) 0.96946565, 0.03053435, 0.00000000, 0.00000000;
  (Necrotizing_kikuchi) 0.00000000, 0.18571429, 0.74285714, 0.07142857;
  (Necrotiz_nonKikuchi) 0.0000000, 0.1742424, 0.7727273, 0.0530303;
  (Rheumatoid_arthritis) 1.0, 0.0, 0.0, 0.0;
  (Sarcoidosis) 1.0, 0.0, 0.0, 0.0;
  (SHML) 1.0, 0.0, 0.0, 0.0;
  (Sinus_hyperplasia) 0.98561151, 0.01438849, 0.00000000, 0.00000000;
  (Syphilis) 0.96875, 0.03125, 0.00000, 0.00000;
  (Toxoplasmosis) 1.0, 0.0, 0.0, 0.0;
  (Tuberculosis) 0.00000000, 0.08888889, 0.32222222, 0.58888889;
  (Viral_NOS) 0.900826446, 0.090909091, 0.008264463, 0.000000000;
  (Whipple_s_disease) 1.0, 0.0, 0.0, 0.0;
  (L_H_nodular_HD) 0.990291262, 0.009708738, 0.000000000, 0.000000000;
  (L_H_diffuse_HD) 1.0, 0.0, 0.0, 0.0;
  (Nodular_sclerosis) 0.507075472, 0.187500000, 0.301886792, 0.003537736;
  (Cellular_phase_NSHD) 0.4339623, 0.2830189, 0.2830189, 0.0000000;
  (Syncytial_NSHD) 0.5531915, 0.1489362, 0.2765957, 0.0212766;
  (Mixed_cellularity_HD) 0.84007707, 0.11753372, 0.02890173, 0.01348748;
  (Interfollicular_HD) 0.87179487, 0.05128205, 0.05128205, 0.02564103;
  (Diffuse_fibrosis_HD) 0.91666667, 0.06250000, 0.02083333, 0.00000000;
  (Reticular_type_HD) 0.92452830, 0.05660377, 0.01886792, 0.00000000;
  (Small_cleaved__fol) 0.992768595, 0.001033058, 0.000000000, 0.006198347;
  (Mixed__fol) 0.991334489, 0.001733102, 0.001733102, 0.005199307;
  (Large_cell__fol) 0.987096774, 0.000000000, 0.003225806, 0.009677419;
  (Small_noncleaved_fol) 1.0, 0.0, 0.0, 0.0;
  (Small_lymphocytic) 0.952380952, 0.041666667, 0.005952381, 0.000000000;
  (Plasmacytoid_lyctic) 0.93103448, 0.05747126, 0.01149425, 0.00000000;
  (Mantle_zone) 0.990566038, 0.009433962, 0.000000000, 0.000000000;
  (Small_cleaved__dif) 0.93617021, 0.06382979, 0.00000000, 0.00000000;
  (Mixed__fcc_dif) 0.91397849, 0.06451613, 0.02150538, 0.00000000;
  (Large_cell__dif) 0.83152567, 0.10050615, 0.05422993, 0.01373825;
  (B_immunoblastic) 0.87261146, 0.07643312, 0.03821656, 0.01273885;
  (T_immunob_mix) 0.816831683, 0.103960396, 0.074257426, 0.004950495;
  (IBL_like_T_cell_lym) 0.939393939, 0.054545455, 0.006060606, 0.000000000;
  (Japanese_ATL) 0.8571429, 0.1428571, 0.0000000, 0.0000000;
  (Lymphoblastic) 0.80373832, 0.09345794, 0.08411215, 0.01869159;
  (Small_noncleaved_dif) 0.83658171, 0.09145427, 0.05097451, 0.02098951;
  (True_histiocytic) 0.68, 0.20, 0.08, 0.04;
  (Malig_histiocytosis) 0.9375, 0.0625, 0.0000, 0.0000;
  (Multiple_myeloma) 1.0, 0.0, 0.0, 0.0;
  (Mycosis_fungoides) 0.98333333, 0.01666667, 0.00000000, 0.00000000;
  (AML) 1.0, 0.0, 0.0, 0.0;
  (Hairy_cell_leukemia) 1.0, 0.0, 0.0, 0.0;
  (Carcinoma) 0.834905660, 0.113207547, 0.047169811, 0.004716981;
  (Melanoma) 0.9787234, 0.0106383, 0.0106383, 0.0000000;
  (Em_plasmacytoma) 0.96875, 0.03125, 0.00000, 0.00000;
  (Kaposis_sarcoma) 0.98924731, 0.01075269, 0.00000000, 0.00000000;
  (Mast_cell_disease) 0.75000000, 0.22222222, 0.02777778, 0.00000000;
  (AIDS_involutionary) 1.0, 0.0, 0.0, 0.0;
  (T_immunob_lrg) 0.79005525, 0.10497238, 0.08287293, 0.02209945;
}
probability ( F8 | Fault ) {
  (AIDS_early) 0.87745098, 0.10294118, 0.01960784;
  (AILD) 1.0, 0.0, 0.0;
  (ALIP) 0.95495495, 0.04504505, 0.00000000;
  (Cat_scratch_disease) 0.81081081, 0.13513514, 0.05405405;
  (Dermatopathic_laden) 0.7959184, 0.1020408, 0.1020408;
  (Florid_follic_hyperp) 0.933121019, 0.063694268, 0.003184713;
  (GLH_hyaline_vacular) 0.97777778, 0.02222222, 0.00000000;
  (GLH_plasma_cell_type) 1.0, 0.0, 0.0;
  (Granulomatous_laden) 0.49275362, 0.49275362, 0.01449275;
  (Histiocytosis_x) 0.97916667, 0.02083333, 0.00000000;
  (Infectious_mono) 0.83720930, 0.12790698, 0.03488372;
  (Leprosy) 0.74137931, 0.24137931, 0.01724138;
  (Lymphangiographic) 0.95145631, 0.02912621, 0.01941748;
  (Mantle_zone_hyperl) 0.96183206, 0.03816794, 0.00000000;
  (Necrotizing_kikuchi) 0.14285714, 0.77142857, 0.08571429;
  (Necrotiz_nonKikuchi) 0.12878788, 0.81060606, 0.06060606;
  (Rheumatoid_arthritis) 0.94444444, 0.05555556, 0.00000000;
  (Sarcoidosis) 0.91666667, 0.08333333, 0.00000000;
  (SHML) 0.0, 0.2, 0.8;
  (Sinus_hyperplasia) 0.01438849, 0.49640288, 0.48920863;
  (Syphilis) 0.9375, 0.0625, 0.0000;
  (Toxoplasmosis) 1.0, 0.0, 0.0;
  (Tuberculosis) 0.98888889, 0.01111111, 0.00000000;
  (Viral_NOS) 0.900826446, 0.090909091, 0.008264463;
  (Whipple_s_disease) 1.0, 0.0, 0.0;
  (L_H_nodular_HD) 0.990291262, 0.009708738, 0.000000000;
  (L_H_diffuse_HD) 0.96, 0.04, 0.00;
  (Nodular_sclerosis) 0.97287736, 0.02712264, 0.00000000;
  (Cellular_phase_NSHD) 0.98113208, 0.01886792, 0.00000000;
  (Syncytial_NSHD) 0.95744681, 0.04255319, 0.00000000;
  (Mixed_cellularity_HD) 0.963391137, 0.032755299, 0.003853565;
  (Interfollicular_HD) 0.97435897, 0.02564103, 0.00000000;
  (Diffuse_fibrosis_HD) 0.97916667, 0.02083333, 0.00000000;
  (Reticular_type_HD) 0.98113208, 0.01886792, 0.00000000;
  (Small_cleaved__fol) 0.978305785, 0.020661157, 0.001033058;
  (Mixed__fol) 0.98613518, 0.01386482, 0.00000000;
  (Large_cell__fol) 0.980645161, 0.016129032, 0.003225806;
  (Small_noncleaved_fol) 1.0, 0.0, 0.0;
  (Small_lymphocytic) 1.0, 0.0, 0.0;
  (Plasmacytoid_lyctic) 0.98850575, 0.01149425, 0.00000000;
  (Mantle_zone) 0.990566038, 0.000000000, 0.009433962;
  (Small_cleaved__dif) 0.9787234, 0.0212766, 0.0000000;
  (Mixed__fcc_dif) 1.0, 0.0, 0.0;
  (Large_cell__dif) 0.980477223, 0.016630513, 0.002892263;
  (B_immunoblastic) 0.98089172, 0.01910828, 0.00000000;
  (T_immunob_mix) 0.99009901, 0.00990099, 0.00000000;
  (IBL_like_T_cell_lym) 0.89696970, 0.08484848, 0.01818182;
  (Japanese_ATL) 1.0, 0.0, 0.0;
  (Lymphoblastic) 0.98130841, 0.01869159, 0.00000000;
  (Small_noncleaved_dif) 0.98500750, 0.01349325, 0.00149925;
  (True_histiocytic) 1.0, 0.0, 0.0;
  (Malig_histiocytosis) 1.0, 0.0, 0.0;
  (Multiple_myeloma) 1.0, 0.0, 0.0;
  (Mycosis_fungoides) 0.85000000, 0.11666667, 0.03333333;
  (AML) 1.0, 0.0, 0.0;
  (Hairy_cell_leukemia) 1.0, 0.0, 0.0;
  (Carcinoma) 0.97641509, 0.02358491, 0.00000000;
  (Melanoma) 0.893617, 0.106383, 0.000000;
  (Em_plasmacytoma) 0.96875, 0.03125, 0.00000;
  (Kaposis_sarcoma) 0.89247312, 0.09677419, 0.01075269;
  (Mast_cell_disease) 0.97222222, 0.02777778, 0.00000000;
  (AIDS_involutionary) 0.854368932, 0.135922330, 0.009708738;
  (T_immunob_lrg) 0.977900552, 0.016574586, 0.005524862;
}
probability ( F9 | Fault ) {
  (AIDS_early) 0.8921569, 0.1078431, 0.0000000, 0.0000000, 0.0000000;
  (AILD) 0.8333333, 0.1666667, 0.0000000, 0.0000000, 0.0000000;
  (ALIP) 0.8828829, 0.1171171, 0.0000000, 0.0000000, 0.0000000;
  (Cat_scratch_disease) 0.8648649, 0.1351351, 0.0000000, 0.0000000, 0.0000000;
  (Dermatopathic_laden) 0.94897959, 0.05102041, 0.00000000, 0.00000000, 0.00000000;
  (Florid_follic_hyperp) 0.8789809, 0.1210191, 0.0000000, 0.0000000, 0.0000000;
  (GLH_hyaline_vacular) 0.8222222, 0.1777778, 0.0000000, 0.0000000, 0.0000000;
  (GLH_plasma_cell_type) 0.90909091, 0.09090909, 0.00000000, 0.00000000, 0.00000000;
  (Granulomatous_laden) 0.9057971, 0.0942029, 0.0000000, 0.0000000, 0.0000000;
  (Histiocytosis_x) 0.91666667, 0.08333333, 0.00000000, 0.00000000, 0.00000000;
  (Infectious_mono) 0.66279070, 0.25581395, 0.05813953, 0.02325581, 0.00000000;
  (Leprosy) 0.8793103, 0.1206897, 0.0000000, 0.0000000, 0.0000000;
  (Lymphangiographic) 0.91262136, 0.08737864, 0.00000000, 0.00000000, 0.00000000;
  (Mantle_zone_hyperl) 0.92366412, 0.07633588, 0.00000000, 0.00000000, 0.00000000;
  (Necrotizing_kikuchi) 0.82857143, 0.15714286, 0.01428571, 0.00000000, 0.00000000;
  (Necrotiz_nonKikuchi) 0.780303, 0.219697, 0.000000, 0.000000, 0.000000;
  (Rheumatoid_arthritis) 0.8333333, 0.1666667, 0.0000000, 0.0000000, 0.0000000;
  (Sarcoidosis) 0.7916667, 0.2083333, 0.0000000, 0.0000000, 0.0000000;
  (SHML) 0.8, 0.2, 0.0, 0.0, 0.0;
  (Sinus_hyperplasia) 0.848920863, 0.143884892, 0.007194245, 0.000000000, 0.000000000;
  (Syphilis) 0.84375, 0.15625, 0.00000, 0.00000, 0.00000;
  (Toxoplasmosis) 0.92307692, 0.07692308, 0.00000000, 0.00000000, 0.00000000;
  (Tuberculosis) 0.91111111, 0.08888889, 0.00000000, 0.00000000, 0.00000000;
  (Viral_NOS) 0.752066116, 0.239669421, 0.008264463, 0.000000000, 0.000000000;
  (Whipple_s_disease) 0.93333333, 0.06666667, 0.00000000, 0.00000000, 0.00000000;
  (L_H_nodular_HD) 0.9223301, 0.0776699, 0.0000000, 0.0000000, 0.0000000;
  (L_H_diffuse_HD) 0.86, 0.14, 0.00, 0.00, 0.00;
  (Nodular_sclerosis) 0.8950472, 0.1049528, 0.0000000, 0.0000000, 0.0000000;
  (Cellular_phase_NSHD) 0.8490566, 0.1509434, 0.0000000, 0.0000000, 0.0000000;
  (Syncytial_NSHD) 0.8510638, 0.1489362, 0.0000000, 0.0000000, 0.0000000;
  (Mixed_cellularity_HD) 0.91714836, 0.08285164, 0.00000000, 0.00000000, 0.00000000;
  (Interfollicular_HD) 0.92307692, 0.07692308, 0.00000000, 0.00000000, 0.00000000;
  (Diffuse_fibrosis_HD) 0.875, 0.125, 0.000, 0.000, 0.000;
  (Reticular_type_HD) 0.9245283, 0.0754717, 0.0000000, 0.0000000, 0.0000000;
  (Small_cleaved__fol) 0.92665289, 0.07334711, 0.00000000, 0.00000000, 0.00000000;
  (Mixed__fol) 0.8873484, 0.1126516, 0.0000000, 0.0000000, 0.0000000;
  (Large_cell__fol) 0.893548387, 0.103225806, 0.003225806, 0.000000000, 0.000000000;
  (Small_noncleaved_fol) 0.9245283, 0.0754717, 0.0000000, 0.0000000, 0.0000000;
  (Small_lymphocytic) 0.946428571, 0.047619048, 0.005952381, 0.000000000, 0.000000000;
  (Plasmacytoid_lyctic) 0.862069, 0.137931, 0.000000, 0.000000, 0.000000;
  (Mantle_zone) 0.96226415, 0.03773585, 0.00000000, 0.00000000, 0.00000000;
  (Small_cleaved__dif) 0.80851064, 0.10638298, 0.08510638, 0.00000000, 0.00000000;
  (Mixed__fcc_dif) 0.93548387, 0.06451613, 0.00000000, 0.00000000, 0.00000000;
  (Large_cell__dif) 0.63557484, 0.15545915, 0.10701374, 0.04772234, 0.05422993;
  (B_immunoblastic) 0.64968153, 0.17197452, 0.08917197, 0.05095541, 0.03821656;
  (T_immunob_mix) 0.65346535, 0.11386139, 0.08415842, 0.07425743, 0.07425743;
  (IBL_like_T_cell_lym) 0.8969697, 0.1030303, 0.0000000, 0.0000000, 0.0000000;
  (Japanese_ATL) 0.8571429, 0.0000000, 0.0000000, 0.1428571, 0.0000000;
  (Lymphoblastic) 0.728971963, 0.046728972, 0.009345794, 0.065420561, 0.149532710;
  (Small_noncleaved_dif) 0.001499250, 0.005997001, 0.031484258, 0.197901049, 0.763118441;
  (True_histiocytic) 0.80, 0.00, 0.08, 0.00, 0.12;
  (Malig_histiocytosis) 0.875, 0.125, 0.000, 0.000, 0.000;
  (Multiple_myeloma) 0.9, 0.1, 0.0, 0.0, 0.0;
  (Mycosis_fungoides) 0.8333333, 0.1666667, 0.0000000, 0.0000000, 0.0000000;
  (AML) 0.61290323, 0.06451613, 0.09677419, 0.16129032, 0.06451613;
  (Hairy_cell_leukemia) 1.0, 0.0, 0.0, 0.0, 0.0;
  (Carcinoma) 0.8867925, 0.1132075, 0.0000000, 0.0000000, 0.0000000;
  (Melanoma) 0.8723404, 0.1276596, 0.0000000, 0.0000000, 0.0000000;
  (Em_plasmacytoma) 0.84375, 0.15625, 0.00000, 0.00000, 0.00000;
  (Kaposis_sarcoma) 0.91397849, 0.08602151, 0.00000000, 0.00000000, 0.00000000;
  (Mast_cell_disease) 0.94444444, 0.05555556, 0.00000000, 0.00000000, 0.00000000;
  (AIDS_involutionary) 0.91747573, 0.08252427, 0.00000000, 0.00000000, 0.00000000;
  (T_immunob_lrg) 0.66298343, 0.11049724, 0.07734807, 0.06629834, 0.08287293;
}
probability ( F10 | Fault ) {
  (AIDS_early) 1.0, 0.0;
  (AILD) 1.0, 0.0;
  (ALIP) 1.0, 0.0;
  (Cat_scratch_disease) 1.0, 0.0;
  (Dermatopathic_laden) 1.0, 0.0;
  (Florid_follic_hyperp) 1.0, 0.0;
  (GLH_hyaline_vacular) 1.0, 0.0;
  (GLH_plasma_cell_type) 1.0, 0.0;
  (Granulomatous_laden) 1.0, 0.0;
  (Histiocytosis_x) 1.0, 0.0;
  (Infectious_mono) 1.0, 0.0;
  (Leprosy) 1.0, 0.0;
  (Lymphangiographic) 1.0, 0.0;
  (Mantle_zone_hyperl) 1.0, 0.0;
  (Necrotizing_kikuchi) 1.0, 0.0;
  (Necrotiz_nonKikuchi) 1.0, 0.0;
  (Rheumatoid_arthritis) 1.0, 0.0;
  (Sarcoidosis) 1.0, 0.0;
  (SHML) 1.0, 0.0;
  (Sinus_hyperplasia) 1.0, 0.0;
  (Syphilis) 1.0, 0.0;
  (Toxoplasmosis) 1.0, 0.0;
  (Tuberculosis) 1.0, 0.0;
  (Viral_NOS) 1.0, 0.0;
  (Whipple_s_disease) 1.0, 0.0;
  (L_H_nodular_HD) 1.0, 0.0;
  (L_H_diffuse_HD) 1.0, 0.0;
  (Nodular_sclerosis) 1.0, 0.0;
  (Cellular_phase_NSHD) 1.0, 0.0;
  (Syncytial_NSHD) 1.0, 0.0;
  (Mixed_cellularity_HD) 1.0, 0.0;
  (Interfollicular_HD) 1.0, 0.0;
  (Diffuse_fibrosis_HD) 1.0, 0.0;
  (Reticular_type_HD) 1.0, 0.0;
  (Small_cleaved__fol) 1.0, 0.0;
  (Mixed__fol) 1.0, 0.0;
  (Large_cell__fol) 1.0, 0.0;
  (Small_noncleaved_fol) 1.0, 0.0;
  (Small_lymphocytic) 1.0, 0.0;
  (Plasmacytoid_lyctic) 1.0, 0.0;
  (Mantle_zone) 1.0, 0.0;
  (Small_cleaved__dif) 1.0, 0.0;
  (Mixed__fcc_dif) 1.0, 0.0;
  (Large_cell__dif) 1.0, 0.0;
  (B_immunoblastic) 1.0, 0.0;
  (T_immunob_mix) 1.0, 0.0;
  (IBL_like_T_cell_lym) 1.0, 0.0;
  (Japanese_ATL) 1.0, 0.0;
  (Lymphoblastic) 1.0, 0.0;
  (Small_noncleaved_dif) 1.0, 0.0;
  (True_histiocytic) 1.0, 0.0;
  (Malig_histiocytosis) 1.0, 0.0;
  (Multiple_myeloma) 1.0, 0.0;
  (Mycosis_fungoides) 1.0, 0.0;
  (AML) 1.0, 0.0;
  (Hairy_cell_leukemia) 1.0, 0.0;
  (Carcinoma) 0.0, 1.0;
  (Melanoma) 1.0, 0.0;
  (Em_plasmacytoma) 1.0, 0.0;
  (Kaposis_sarcoma) 1.0, 0.0;
  (Mast_cell_disease) 1.0, 0.0;
  (AIDS_involutionary) 1.0, 0.0;
  (T_immunob_lrg) 1.0, 0.0;
}
probability ( F55 | F11 ) {
  (Absent) 0.9970831308, 0.0027953330, 0.0001215362, 0.0000000000;
  (Rare___3_) 0.75555556, 0.23333333, 0.01111111, 0.00000000;
  (Present__3_15_) 0.36299292, 0.47320526, 0.15166835, 0.01213347;
  (Many__16_50_) 0.33904762, 0.49523810, 0.15619048, 0.00952381;
  (Striking___50_) 0.56410256, 0.30769231, 0.10256410, 0.02564103;
}
probability ( F52 | Fault ) {
  (AIDS_early) 1.0, 0.0, 0.0, 0.0;
  (AILD) 1.0, 0.0, 0.0, 0.0;
  (ALIP) 1.0, 0.0, 0.0, 0.0;
  (Cat_scratch_disease) 1.0, 0.0, 0.0, 0.0;
  (Dermatopathic_laden) 1.0, 0.0, 0.0, 0.0;
  (Florid_follic_hyperp) 1.0, 0.0, 0.0, 0.0;
  (GLH_hyaline_vacular) 0.95555556, 0.04444444, 0.00000000, 0.00000000;
  (GLH_plasma_cell_type) 1.0, 0.0, 0.0, 0.0;
  (Granulomatous_laden) 1.0, 0.0, 0.0, 0.0;
  (Histiocytosis_x) 1.0, 0.0, 0.0, 0.0;
  (Infectious_mono) 0.96511628, 0.03488372, 0.00000000, 0.00000000;
  (Leprosy) 1.0, 0.0, 0.0, 0.0;
  (Lymphangiographic) 1.0, 0.0, 0.0, 0.0;
  (Mantle_zone_hyperl) 1.0, 0.0, 0.0, 0.0;
  (Necrotizing_kikuchi) 0.98571429, 0.01428571, 0.00000000, 0.00000000;
  (Necrotiz_nonKikuchi) 0.992424242, 0.007575758, 0.000000000, 0.000000000;
  (Rheumatoid_arthritis) 1.0, 0.0, 0.0, 0.0;
  (Sarcoidosis) 1.0, 0.0, 0.0, 0.0;
  (SHML) 1.0, 0.0, 0.0, 0.0;
  (Sinus_hyperplasia) 1.0, 0.0, 0.0, 0.0;
  (Syphilis) 1.0, 0.0, 0.0, 0.0;
  (Toxoplasmosis) 1.0, 0.0, 0.0, 0.0;
  (Tuberculosis) 1.0, 0.0, 0.0, 0.0;
  (Viral_NOS) 0.98347107, 0.01652893, 0.00000000, 0.00000000;
  (Whipple_s_disease) 1.0, 0.0, 0.0, 0.0;
  (L_H_nodular_HD) 0.0, 1.0, 0.0, 0.0;
  (L_H_diffuse_HD) 0.0, 1.0, 0.0, 0.0;
  (Nodular_sclerosis) 0.00000000, 0.03419811, 0.84787736, 0.11792453;
  (Cellular_phase_NSHD) 0.00000000, 0.03773585, 0.84905660, 0.11320755;
  (Syncytial_NSHD) 0.00000000, 0.04255319, 0.87234043, 0.08510638;
  (Mixed_cellularity_HD) 0.0000000, 0.0327553, 0.8400771, 0.1271676;
  (Interfollicular_HD) 0.00000000, 0.20512821, 0.71794872, 0.07692308;
  (Diffuse_fibrosis_HD) 0.0000, 0.0625, 0.1875, 0.7500;
  (Reticular_type_HD) 0.00000000, 0.01886792, 0.16981132, 0.81132075;
  (Small_cleaved__fol) 1.0, 0.0, 0.0, 0.0;
  (Mixed__fol) 1.0, 0.0, 0.0, 0.0;
  (Large_cell__fol) 1.0, 0.0, 0.0, 0.0;
  (Small_noncleaved_fol) 1.0, 0.0, 0.0, 0.0;
  (Small_lymphocytic) 1.0, 0.0, 0.0, 0.0;
  (Plasmacytoid_lyctic) 1.0, 0.0, 0.0, 0.0;
  (Mantle_zone) 1.0, 0.0, 0.0, 0.0;
  (Small_cleaved__dif) 1.0, 0.0, 0.0, 0.0;
  (Mixed__fcc_dif) 1.0, 0.0, 0.0, 0.0;
  (Large_cell__dif) 0.97613883, 0.02386117, 0.00000000, 0.00000000;
  (B_immunoblastic) 0.91719745, 0.03184713, 0.03821656, 0.01273885;
  (T_immunob_mix) 0.97524752, 0.02475248, 0.00000000, 0.00000000;
  (IBL_like_T_cell_lym) 0.993939394, 0.006060606, 0.000000000, 0.000000000;
  (Japanese_ATL) 1.0, 0.0, 0.0, 0.0;
  (Lymphoblastic) 1.0, 0.0, 0.0, 0.0;
  (Small_noncleaved_dif) 1.0, 0.0, 0.0, 0.0;
  (True_histiocytic) 0.96, 0.04, 0.00, 0.00;
  (Malig_histiocytosis) 1.0, 0.0, 0.0, 0.0;
  (Multiple_myeloma) 0.3, 0.4, 0.2, 0.1;
  (Mycosis_fungoides) 1.0, 0.0, 0.0, 0.0;
