network unknown {
}
variable p630400490 {
  type discrete [ 3 ] { 0, 1, 2 };
}
variable p48124091 {
  type discrete [ 3 ] { 0, 1, 2 };
}
variable p627270088 {
  type discrete [ 3 ] { 0, 1, 2 };
}
variable p392115290 {
  type discrete [ 3 ] { 0, 1, 2 };
}
variable p627276488 {
  type discrete [ 3 ] { 0, 1, 2 };
}
variable p392150190 {
  type discrete [ 3 ] { 0, 1, 2 };
}
variable p48109691 {
  type discrete [ 3 ] { 0, 1, 2 };
}
variable p630071089 {
  type discrete [ 3 ] { 0, 1, 2 };
}
variable p630067789 {
  type discrete [ 3 ] { 0, 1, 2 };
}
variable p630384190 {
  type discrete [ 3 ] { 0, 1, 2 };
}
variable p48109791 {
  type discrete [ 3 ] { 0, 1, 2 };
}
variable p83306289 {
  type discrete [ 3 ] { 0, 1, 2 };
}
variable p83456290 {
  type discrete [ 3 ] { 0, 1, 2 };
}
variable p277195691 {
  type discrete [ 3 ] { 0, 1, 2 };
}
variable p277114088 {
  type discrete [ 3 ] { 0, 1, 2 };
}
variable p197132888 {
  type discrete [ 3 ] { 0, 1, 2 };
}
variable p277155690 {
  type discrete [ 3 ] { 0, 1, 2 };
}
variable p277195791 {
  type discrete [ 3 ] { 0, 1, 2 };
}
variable p277111088 {
  type discrete [ 3 ] { 0, 1, 2 };
}
variable p277162190 {
  type discrete [ 3 ] { 0, 1, 2 };
}
variable p216124491 {
  type discrete [ 3 ] { 0, 1, 2 };
}
variable p230416387 {
  type discrete [ 3 ] { 0, 1, 2 };
}
variable p216077190 {
  type discrete [ 3 ] { 0, 1, 2 };
}
variable p216124591 {
  type discrete [ 3 ] { 0, 1, 2 };
}
variable p630396290 {
  type discrete [ 3 ] { 0, 1, 2 };
}
variable p630182291 {
  type discrete [ 3 ] { 0, 1, 2 };
}
variable p630031389 {
  type discrete [ 3 ] { 0, 1, 2 };
}
variable p630299990 {
  type discrete [ 3 ] { 0, 1, 2 };
}
variable p82019685 {
  type discrete [ 3 ] { 0, 1, 2 };
}
variable p803043885 {
  type discrete [ 3 ] { 0, 1, 2 };
}
variable p751512889 {
  type discrete [ 3 ] { 0, 1, 2 };
}
variable p392157391 {
  type discrete [ 3 ] { 0, 1, 2 };
}
variable p48147992 {
  type discrete [ 3 ] { 0, 1, 2 };
}
variable p630439091 {
  type discrete [ 3 ] { 0, 1, 2 };
}
variable p48148092 {
  type discrete [ 3 ] { 0, 1, 2 };
}
variable p630388390 {
  type discrete [ 3 ] { 0, 1, 2 };
}
variable p83567891 {
  type discrete [ 3 ] { 0, 1, 2 };
}
variable p83314589 {
  type discrete [ 3 ] { 0, 1, 2 };
}
variable p83470790 {
  type discrete [ 3 ] { 0, 1, 2 };
}
variable p48084891 {
  type discrete [ 3 ] { 0, 1, 2 };
}
variable p630014189 {
  type discrete [ 3 ] { 0, 1, 2 };
}
variable p630323790 {
  type discrete [ 3 ] { 0, 1, 2 };
}
variable p630155091 {
  type discrete [ 3 ] { 0, 1, 2 };
}
variable p543072191 {
  type discrete [ 3 ] { 0, 1, 2 };
}
variable p543472088 {
  type discrete [ 3 ] { 0, 1, 2 };
}
variable p543654190 {
  type discrete [ 3 ] { 0, 1, 2 };
}
variable p543072291 {
  type discrete [ 3 ] { 0, 1, 2 };
}
variable p547629489 {
  type discrete [ 3 ] { 0, 1, 2 };
}
variable p547097990 {
  type discrete [ 3 ] { 0, 1, 2 };
}
variable p197119188 {
  type discrete [ 3 ] { 0, 1, 2 };
}
variable p197140688 {
  type discrete [ 3 ] { 0, 1, 2 };
}
variable p753023491 {
  type discrete [ 3 ] { 0, 1, 2 };
}
variable p609183992 {
  type discrete [ 3 ] { 0, 1, 2 };
}
variable p543036891 {
  type discrete [ 3 ] { 0, 1, 2 };
}
variable p547633289 {
  type discrete [ 3 ] { 0, 1, 2 };
}
variable p547620489 {
  type discrete [ 3 ] { 0, 1, 2 };
}
variable p547054590 {
  type discrete [ 3 ] { 0, 1, 2 };
}
variable p543036991 {
  type discrete [ 3 ] { 0, 1, 2 };
}
variable p543378087 {
  type discrete [ 3 ] { 0, 1, 2 };
}
variable p197125588 {
  type discrete [ 3 ] { 0, 1, 2 };
}
variable p543517389 {
  type discrete [ 3 ] { 0, 1, 2 };
}
variable p543657690 {
  type discrete [ 3 ] { 0, 1, 2 };
}
variable p543084792 {
  type discrete [ 3 ] { 0, 1, 2 };
}
variable p630430091 {
  type discrete [ 3 ] { 0, 1, 2 };
}
variable p48127091 {
  type discrete [ 3 ] { 0, 1, 2 };
}
variable p50261091 {
  type discrete [ 3 ] { 0, 1, 2 };
}
variable p630398790 {
  type discrete [ 3 ] { 0, 1, 2 };
}
variable p48111891 {
  type discrete [ 3 ] { 0, 1, 2 };
}
variable p48172392 {
  type discrete [ 3 ] { 0, 1, 2 };
}
variable p630390690 {
  type discrete [ 3 ] { 0, 1, 2 };
}
variable p48172492 {
  type discrete [ 3 ] { 0, 1, 2 };
}
variable p50241090 {
  type discrete [ 3 ] { 0, 1, 2 };
}
variable p82154988 {
  type discrete [ 3 ] { 0, 1, 2 };
}
variable p82236090 {
  type discrete [ 3 ] { 0, 1, 2 };
}
variable p750365488 {
  type discrete [ 3 ] { 0, 1, 2 };
}
variable p392120790 {
  type discrete [ 3 ] { 0, 1, 2 };
}
variable p630328490 {
  type discrete [ 3 ] { 0, 1, 2 };
}
variable p630152091 {
  type discrete [ 3 ] { 0, 1, 2 };
}
variable p630328890 {
  type discrete [ 3 ] { 0, 1, 2 };
}
variable p630772188 {
  type discrete [ 3 ] { 0, 1, 2 };
}
variable p630282090 {
  type discrete [ 3 ] { 0, 1, 2 };
}
variable p48112891 {
  type discrete [ 3 ] { 0, 1, 2 };
}
variable p50052788 {
  type discrete [ 3 ] { 0, 1, 2 };
}
variable p630672087 {
  type discrete [ 3 ] { 0, 1, 2 };
}
variable p50168489 {
  type discrete [ 3 ] { 0, 1, 2 };
}
variable p48128191 {
  type discrete [ 3 ] { 0, 1, 2 };
}
variable p48139191 {
  type discrete [ 3 ] { 0, 1, 2 };
}
variable p630426691 {
  type discrete [ 3 ] { 0, 1, 2 };
}
variable p48139291 {
  type discrete [ 3 ] { 0, 1, 2 };
}
variable p83572791 {
  type discrete [ 3 ] { 0, 1, 2 };
}
variable p83371889 {
  type discrete [ 3 ] { 0, 1, 2 };
}
variable p83324189 {
  type discrete [ 3 ] { 0, 1, 2 };
}
variable p83474091 {
  type discrete [ 3 ] { 0, 1, 2 };
}
variable p83572891 {
  type discrete [ 3 ] { 0, 1, 2 };
}
variable p543068091 {
  type discrete [ 3 ] { 0, 1, 2 };
}
variable p543068391 {
  type discrete [ 3 ] { 0, 1, 2 };
}
variable p392203792 {
  type discrete [ 3 ] { 0, 1, 2 };
}
variable p522398991 {
  type discrete [ 3 ] { 0, 1, 2 };
}
variable p543419788 {
  type discrete [ 3 ] { 0, 1, 2 };
}
variable p522334189 {
  type discrete [ 3 ] { 0, 1, 2 };
}
variable p522204687 {
  type discrete [ 3 ] { 0, 1, 2 };
}
variable p522279888 {
  type discrete [ 3 ] { 0, 1, 2 };
}
variable p522369890 {
  type discrete [ 3 ] { 0, 1, 2 };
}
variable p522449292 {
  type discrete [ 3 ] { 0, 1, 2 };
}
variable p197240391 {
  type discrete [ 3 ] { 0, 1, 2 };
}
variable p197143789 {
  type discrete [ 3 ] { 0, 1, 2 };
}
variable p197192390 {
  type discrete [ 3 ] { 0, 1, 2 };
}
variable p197240491 {
  type discrete [ 3 ] { 0, 1, 2 };
}
variable p197258291 {
  type discrete [ 3 ] { 0, 1, 2 };
}
variable p197258391 {
  type discrete [ 3 ] { 0, 1, 2 };
}
variable p197258591 {
  type discrete [ 3 ] { 0, 1, 2 };
}
variable p197303091 {
  type discrete [ 3 ] { 0, 1, 2 };
}
variable p197303191 {
  type discrete [ 3 ] { 0, 1, 2 };
}
variable p197162589 {
  type discrete [ 3 ] { 0, 1, 2 };
}
variable p82191389 {
  type discrete [ 3 ] { 0, 1, 2 };
}
variable p197201290 {
  type discrete [ 3 ] { 0, 1, 2 };
}
variable p197303291 {
  type discrete [ 3 ] { 0, 1, 2 };
}
variable p197288691 {
  type discrete [ 3 ] { 0, 1, 2 };
}
variable p197149689 {
  type discrete [ 3 ] { 0, 1, 2 };
}
variable p197318792 {
  type discrete [ 3 ] { 0, 1, 2 };
}
variable p197210690 {
  type discrete [ 3 ] { 0, 1, 2 };
}
variable p197165689 {
  type discrete [ 3 ] { 0, 1, 2 };
}
variable p197206590 {
  type discrete [ 3 ] { 0, 1, 2 };
}
variable p197075886 {
  type discrete [ 3 ] { 0, 1, 2 };
}
variable p751230786 {
  type discrete [ 3 ] { 0, 1, 2 };
}
variable p197126088 {
  type discrete [ 3 ] { 0, 1, 2 };
}
variable p197229090 {
  type discrete [ 3 ] { 0, 1, 2 };
}
variable p197288791 {
  type discrete [ 3 ] { 0, 1, 2 };
}
variable p197276591 {
  type discrete [ 3 ] { 0, 1, 2 };
}
variable p197180690 {
  type discrete [ 3 ] { 0, 1, 2 };
}
variable p197252391 {
  type discrete [ 3 ] { 0, 1, 2 };
}
variable p197252591 {
  type discrete [ 3 ] { 0, 1, 2 };
}
variable p197131388 {
  type discrete [ 3 ] { 0, 1, 2 };
}
variable p197206490 {
  type discrete [ 3 ] { 0, 1, 2 };
}
variable p197256791 {
  type discrete [ 3 ] { 0, 1, 2 };
}
variable p197353592 {
  type discrete [ 3 ] { 0, 1, 2 };
}
variable p50139889 {
  type discrete [ 3 ] { 0, 1, 2 };
}
variable p50195390 {
  type discrete [ 3 ] { 0, 1, 2 };
}
variable p48004891 {
  type discrete [ 3 ] { 0, 1, 2 };
}
variable p630172991 {
  type discrete [ 3 ] { 0, 1, 2 };
}
variable p630173091 {
  type discrete [ 3 ] { 0, 1, 2 };
}
variable p630147391 {
  type discrete [ 3 ] { 0, 1, 2 };
}
variable p630147591 {
  type discrete [ 3 ] { 0, 1, 2 };
}
variable p630154689 {
  type discrete [ 3 ] { 0, 1, 2 };
}
variable p197130688 {
  type discrete [ 3 ] { 0, 1, 2 };
}
variable p630154989 {
  type discrete [ 3 ] { 0, 1, 2 };
}
variable p630810388 {
  type discrete [ 3 ] { 0, 1, 2 };
}
variable p630067989 {
  type discrete [ 3 ] { 0, 1, 2 };
}
variable p197263491 {
  type discrete [ 3 ] { 0, 1, 2 };
}
variable p197130288 {
  type discrete [ 3 ] { 0, 1, 2 };
}
variable p197153289 {
  type discrete [ 3 ] { 0, 1, 2 };
}
variable p197235390 {
  type discrete [ 3 ] { 0, 1, 2 };
}
variable p751038090 {
  type discrete [ 3 ] { 0, 1, 2 };
}
variable p88127791 {
  type discrete [ 3 ] { 0, 1, 2 };
}
variable p751513589 {
  type discrete [ 3 ] { 0, 1, 2 };
}
variable p88067190 {
  type discrete [ 3 ] { 0, 1, 2 };
}
variable p392012788 {
  type discrete [ 3 ] { 0, 1, 2 };
}
variable p197168789 {
  type discrete [ 3 ] { 0, 1, 2 };
}
variable p88014589 {
  type discrete [ 3 ] { 0, 1, 2 };
}
variable p197211690 {
  type discrete [ 3 ] { 0, 1, 2 };
}
variable p197314191 {
  type discrete [ 3 ] { 0, 1, 2 };
}
variable p50095388 {
  type discrete [ 3 ] { 0, 1, 2 };
}
variable p48022391 {
  type discrete [ 3 ] { 0, 1, 2 };
}
variable p630810288 {
  type discrete [ 3 ] { 0, 1, 2 };
}
variable p50212890 {
  type discrete [ 3 ] { 0, 1, 2 };
}
variable p630311090 {
  type discrete [ 3 ] { 0, 1, 2 };
}
variable p48022291 {
  type discrete [ 3 ] { 0, 1, 2 };
}
variable p230057992 {
  type discrete [ 3 ] { 0, 1, 2 };
}
variable p230433487 {
  type discrete [ 3 ] { 0, 1, 2 };
}
variable p603176686 {
  type discrete [ 3 ] { 0, 1, 2 };
}
variable p230565789 {
  type discrete [ 3 ] { 0, 1, 2 };
}
variable p230757791 {
  type discrete [ 3 ] { 0, 1, 2 };
}
variable p82065086 {
  type discrete [ 3 ] { 0, 1, 2 };
}
variable p392087690 {
  type discrete [ 3 ] { 0, 1, 2 };
}
variable p82349391 {
  type discrete [ 3 ] { 0, 1, 2 };
}
variable p82345291 {
  type discrete [ 3 ] { 0, 1, 2 };
}
variable p82258290 {
  type discrete [ 3 ] { 0, 1, 2 };
}
variable p82206789 {
  type discrete [ 3 ] { 0, 1, 2 };
}
variable p82210989 {
  type discrete [ 3 ] { 0, 1, 2 };
}
variable p82258390 {
  type discrete [ 3 ] { 0, 1, 2 };
}
variable p82349491 {
  type discrete [ 3 ] { 0, 1, 2 };
}
variable p48000191 {
  type discrete [ 3 ] { 0, 1, 2 };
}
variable p48000291 {
  type discrete [ 3 ] { 0, 1, 2 };
}
variable p48110491 {
  type discrete [ 3 ] { 0, 1, 2 };
}
variable p48110591 {
  type discrete [ 3 ] { 0, 1, 2 };
}
variable p630088089 {
  type discrete [ 3 ] { 0, 1, 2 };
}
variable p630384990 {
  type discrete [ 3 ] { 0, 1, 2 };
}
variable p630813788 {
  type discrete [ 3 ] { 0, 1, 2 };
}
variable p630062489 {
  type discrete [ 3 ] { 0, 1, 2 };
}
variable p630040991 {
  type discrete [ 3 ] { 0, 1, 2 };
}
variable p630154291 {
  type discrete [ 3 ] { 0, 1, 2 };
}
variable p630052589 {
  type discrete [ 3 ] { 0, 1, 2 };
}
variable p630239990 {
  type discrete [ 3 ] { 0, 1, 2 };
}
variable p630475686 {
  type discrete [ 3 ] { 0, 1, 2 };
}
variable p630058889 {
  type discrete [ 3 ] { 0, 1, 2 };
}
variable p630643987 {
  type discrete [ 3 ] { 0, 1, 2 };
}
variable p630652587 {
  type discrete [ 3 ] { 0, 1, 2 };
}
variable p630073589 {
  type discrete [ 3 ] { 0, 1, 2 };
}
variable p630266190 {
  type discrete [ 3 ] { 0, 1, 2 };
}
variable p50241490 {
  type discrete [ 3 ] { 0, 1, 2 };
}
variable p48072391 {
  type discrete [ 3 ] { 0, 1, 2 };
}
variable p630373290 {
  type discrete [ 3 ] { 0, 1, 2 };
}
variable p630815588 {
  type discrete [ 3 ] { 0, 1, 2 };
}
variable p630810088 {
  type discrete [ 3 ] { 0, 1, 2 };
}
variable p630068889 {
  type discrete [ 3 ] { 0, 1, 2 };
}
variable p630373890 {
  type discrete [ 3 ] { 0, 1, 2 };
}
variable p48197592 {
  type discrete [ 3 ] { 0, 1, 2 };
}
variable p48213092 {
  type discrete [ 3 ] { 0, 1, 2 };
}
variable p83290288 {
  type discrete [ 3 ] { 0, 1, 2 };
}
variable p630062389 {
  type discrete [ 3 ] { 0, 1, 2 };
}
variable p630064189 {
  type discrete [ 3 ] { 0, 1, 2 };
}
variable p83403790 {
  type discrete [ 3 ] { 0, 1, 2 };
}
variable p630249690 {
  type discrete [ 3 ] { 0, 1, 2 };
}
variable p83500691 {
  type discrete [ 3 ] { 0, 1, 2 };
}
variable p48213192 {
  type discrete [ 3 ] { 0, 1, 2 };
}
variable p48000691 {
  type discrete [ 3 ] { 0, 1, 2 };
}
variable p82243490 {
  type discrete [ 3 ] { 0, 1, 2 };
}
variable p82197489 {
  type discrete [ 3 ] { 0, 1, 2 };
}
variable p82198489 {
  type discrete [ 3 ] { 0, 1, 2 };
}
variable p82243390 {
  type discrete [ 3 ] { 0, 1, 2 };
}
variable p82292291 {
  type discrete [ 3 ] { 0, 1, 2 };
}
variable p82241490 {
  type discrete [ 3 ] { 0, 1, 2 };
}
variable p82050786 {
  type discrete [ 3 ] { 0, 1, 2 };
}
variable p522082985 {
  type discrete [ 3 ] { 0, 1, 2 };
}
variable p82218889 {
  type discrete [ 3 ] { 0, 1, 2 };
}
variable p82347891 {
  type discrete [ 3 ] { 0, 1, 2 };
}
variable p82338291 {
  type discrete [ 3 ] { 0, 1, 2 };
}
variable p82338391 {
  type discrete [ 3 ] { 0, 1, 2 };
}
variable p82206489 {
  type discrete [ 3 ] { 0, 1, 2 };
}
variable p826030789 {
  type discrete [ 3 ] { 0, 1, 2 };
}
variable p82307191 {
  type discrete [ 3 ] { 0, 1, 2 };
}
variable p82422492 {
  type discrete [ 3 ] { 0, 1, 2 };
}
variable p48064091 {
  type discrete [ 3 ] { 0, 1, 2 };
}
variable p48064191 {
  type discrete [ 3 ] { 0, 1, 2 };
}
variable p82142888 {
  type discrete [ 3 ] { 0, 1, 2 };
}
variable p82247790 {
  type discrete [ 3 ] { 0, 1, 2 };
}
variable p82152588 {
  type discrete [ 3 ] { 0, 1, 2 };
}
variable p82238890 {
  type discrete [ 3 ] { 0, 1, 2 };
}
variable p82334391 {
  type discrete [ 3 ] { 0, 1, 2 };
}
variable p751015990 {
  type discrete [ 3 ] { 0, 1, 2 };
}
variable p48064391 {
  type discrete [ 3 ] { 0, 1, 2 };
}
variable p50197190 {
  type discrete [ 3 ] { 0, 1, 2 };
}
variable p630258690 {
  type discrete [ 3 ] { 0, 1, 2 };
}
variable p48013791 {
  type discrete [ 3 ] { 0, 1, 2 };
}
variable p50197390 {
  type discrete [ 3 ] { 0, 1, 2 };
}
variable p50197590 {
  type discrete [ 3 ] { 0, 1, 2 };
}
variable p50133689 {
  type discrete [ 3 ] { 0, 1, 2 };
}
variable p50140189 {
  type discrete [ 3 ] { 0, 1, 2 };
}
variable p50197290 {
  type discrete [ 3 ] { 0, 1, 2 };
}
variable p48007991 {
  type discrete [ 3 ] { 0, 1, 2 };
}
variable p82228290 {
  type discrete [ 3 ] { 0, 1, 2 };
}
variable p82105287 {
  type discrete [ 3 ] { 0, 1, 2 };
}
variable p82228490 {
  type discrete [ 3 ] { 0, 1, 2 };
}
variable p82277591 {
  type discrete [ 3 ] { 0, 1, 2 };
}
variable p82182889 {
  type discrete [ 3 ] { 0, 1, 2 };
}
variable p82218289 {
  type discrete [ 3 ] { 0, 1, 2 };
}
variable p543151292 {
  type discrete [ 3 ] { 0, 1, 2 };
}
variable p751106191 {
  type discrete [ 3 ] { 0, 1, 2 };
}
variable p543151392 {
  type discrete [ 3 ] { 0, 1, 2 };
}
variable p543709391 {
  type discrete [ 3 ] { 0, 1, 2 };
}
variable p543420288 {
  type discrete [ 3 ] { 0, 1, 2 };
}
variable p543583789 {
  type discrete [ 3 ] { 0, 1, 2 };
}
variable p82183689 {
  type discrete [ 3 ] { 0, 1, 2 };
}
variable p547497788 {
  type discrete [ 3 ] { 0, 1, 2 };
}
variable p82266890 {
  type discrete [ 3 ] { 0, 1, 2 };
}
variable p82332291 {
  type discrete [ 3 ] { 0, 1, 2 };
}
variable p82261490 {
  type discrete [ 3 ] { 0, 1, 2 };
}
variable p82303591 {
  type discrete [ 3 ] { 0, 1, 2 };
}
variable p82141488 {
  type discrete [ 3 ] { 0, 1, 2 };
}
variable p197130888 {
  type discrete [ 3 ] { 0, 1, 2 };
}
variable p82303691 {
  type discrete [ 3 ] { 0, 1, 2 };
}
variable p82211489 {
  type discrete [ 3 ] { 0, 1, 2 };
}
variable p82206389 {
  type discrete [ 3 ] { 0, 1, 2 };
}
variable p82261890 {
  type discrete [ 3 ] { 0, 1, 2 };
}
variable p82366892 {
  type discrete [ 3 ] { 0, 1, 2 };
}
variable p82185289 {
  type discrete [ 3 ] { 0, 1, 2 };
}
variable p82191289 {
  type discrete [ 3 ] { 0, 1, 2 };
}
variable p82229690 {
  type discrete [ 3 ] { 0, 1, 2 };
}
variable p82280791 {
  type discrete [ 3 ] { 0, 1, 2 };
}
variable p82224990 {
  type discrete [ 3 ] { 0, 1, 2 };
}
variable p82225190 {
  type discrete [ 3 ] { 0, 1, 2 };
}
variable p441290591 {
  type discrete [ 3 ] { 0, 1, 2 };
}
variable p441324091 {
  type discrete [ 3 ] { 0, 1, 2 };
}
variable p441324191 {
  type discrete [ 3 ] { 0, 1, 2 };
}
variable p441231890 {
  type discrete [ 3 ] { 0, 1, 2 };
}
variable p441119488 {
  type discrete [ 3 ] { 0, 1, 2 };
}
variable p441231590 {
  type discrete [ 3 ] { 0, 1, 2 };
}
variable p441290691 {
  type discrete [ 3 ] { 0, 1, 2 };
}
variable p441118988 {
  type discrete [ 3 ] { 0, 1, 2 };
}
variable p441214590 {
  type discrete [ 3 ] { 0, 1, 2 };
}
variable p609091487 {
  type discrete [ 3 ] { 0, 1, 2 };
}
variable p609134289 {
  type discrete [ 3 ] { 0, 1, 2 };
}
variable p82133387 {
  type discrete [ 3 ] { 0, 1, 2 };
}
variable p82225690 {
  type discrete [ 3 ] { 0, 1, 2 };
}
variable p82350491 {
  type discrete [ 3 ] { 0, 1, 2 };
}
variable p958249187 {
  type discrete [ 3 ] { 0, 1, 2 };
}
variable p95141490 {
  type discrete [ 3 ] { 0, 1, 2 };
}
variable p95247691 {
  type discrete [ 3 ] { 0, 1, 2 };
}
variable p95090289 {
  type discrete [ 3 ] { 0, 1, 2 };
}
variable p95147490 {
  type discrete [ 3 ] { 0, 1, 2 };
}
variable p627412591 {
  type discrete [ 3 ] { 0, 1, 2 };
}
variable p627396491 {
  type discrete [ 3 ] { 0, 1, 2 };
}
variable p627343790 {
  type discrete [ 3 ] { 0, 1, 2 };
}
variable p627275788 {
  type discrete [ 3 ] { 0, 1, 2 };
}
variable p627294789 {
  type discrete [ 3 ] { 0, 1, 2 };
}
variable p627344390 {
  type discrete [ 3 ] { 0, 1, 2 };
}
variable p627412991 {
  type discrete [ 3 ] { 0, 1, 2 };
}
variable p958237987 {
  type discrete [ 3 ] { 0, 1, 2 };
}
variable p627204487 {
  type discrete [ 3 ] { 0, 1, 2 };
}
variable p547328787 {
  type discrete [ 3 ] { 0, 1, 2 };
}
variable p603176486 {
  type discrete [ 3 ] { 0, 1, 2 };
}
variable p95029088 {
  type discrete [ 3 ] { 0, 1, 2 };
}
variable p547469388 {
  type discrete [ 3 ] { 0, 1, 2 };
}
variable p95084689 {
  type discrete [ 3 ] { 0, 1, 2 };
}
variable p82350591 {
  type discrete [ 3 ] { 0, 1, 2 };
}
variable p630815088 {
  type discrete [ 3 ] { 0, 1, 2 };
}
variable p82251690 {
  type discrete [ 3 ] { 0, 1, 2 };
}
variable p237082692 {
  type discrete [ 3 ] { 0, 1, 2 };
}
variable p251337389 {
  type discrete [ 3 ] { 0, 1, 2 };
}
variable p251226287 {
  type discrete [ 3 ] { 0, 1, 2 };
}
variable p237016791 {
  type discrete [ 3 ] { 0, 1, 2 };
}
variable p251336689 {
  type discrete [ 3 ] { 0, 1, 2 };
}
variable p230537588 {
  type discrete [ 3 ] { 0, 1, 2 };
}
variable p251428590 {
  type discrete [ 3 ] { 0, 1, 2 };
}
variable p237017391 {
  type discrete [ 3 ] { 0, 1, 2 };
}
variable p48131791 {
  type discrete [ 3 ] { 0, 1, 2 };
}
variable p630388990 {
  type discrete [ 3 ] { 0, 1, 2 };
}
variable p48131891 {
  type discrete [ 3 ] { 0, 1, 2 };
}
variable p630652887 {
  type discrete [ 3 ] { 0, 1, 2 };
}
variable p82152788 {
  type discrete [ 3 ] { 0, 1, 2 };
}
variable p251388889 {
  type discrete [ 3 ] { 0, 1, 2 };
}
variable p630192689 {
  type discrete [ 3 ] { 0, 1, 2 };
}
variable p251494491 {
  type discrete [ 3 ] { 0, 1, 2 };
}
variable p251564791 {
  type discrete [ 3 ] { 0, 1, 2 };
}
variable p251476190 {
  type discrete [ 3 ] { 0, 1, 2 };
}
variable p251506491 {
  type discrete [ 3 ] { 0, 1, 2 };
}
variable p807012287 {
  type discrete [ 3 ] { 0, 1, 2 };
}
variable p251372589 {
  type discrete [ 3 ] { 0, 1, 2 };
}
variable p251260288 {
  type discrete [ 3 ] { 0, 1, 2 };
}
variable p230474587 {
  type discrete [ 3 ] { 0, 1, 2 };
}
variable p251340389 {
  type discrete [ 3 ] { 0, 1, 2 };
}
variable p251463690 {
  type discrete [ 3 ] { 0, 1, 2 };
}
variable p251476390 {
  type discrete [ 3 ] { 0, 1, 2 };
}
variable p237011591 {
  type discrete [ 3 ] { 0, 1, 2 };
}
variable p237082792 {
  type discrete [ 3 ] { 0, 1, 2 };
}
variable p82299691 {
  type discrete [ 3 ] { 0, 1, 2 };
}
variable p82144488 {
  type discrete [ 3 ] { 0, 1, 2 };
}
variable p82089087 {
  type discrete [ 3 ] { 0, 1, 2 };
}
variable p82121587 {
  type discrete [ 3 ] { 0, 1, 2 };
}
variable p82144288 {
  type discrete [ 3 ] { 0, 1, 2 };
}
variable p197180790 {
  type discrete [ 3 ] { 0, 1, 2 };
}
variable p82218589 {
  type discrete [ 3 ] { 0, 1, 2 };
}
variable p197252291 {
  type discrete [ 3 ] { 0, 1, 2 };
}
variable p522435092 {
  type discrete [ 3 ] { 0, 1, 2 };
}
variable p522361390 {
  type discrete [ 3 ] { 0, 1, 2 };
}
variable p522208187 {
  type discrete [ 3 ] { 0, 1, 2 };
}
variable p522284388 {
  type discrete [ 3 ] { 0, 1, 2 };
}
variable p543416288 {
  type discrete [ 3 ] { 0, 1, 2 };
}
variable p547325687 {
  type discrete [ 3 ] { 0, 1, 2 };
}
variable p543551889 {
  type discrete [ 3 ] { 0, 1, 2 };
}
variable p543068491 {
  type discrete [ 3 ] { 0, 1, 2 };
}
variable p630194791 {
  type discrete [ 3 ] { 0, 1, 2 };
}
variable p630194891 {
  type discrete [ 3 ] { 0, 1, 2 };
}
variable p630019789 {
  type discrete [ 3 ] { 0, 1, 2 };
}
variable p630319390 {
  type discrete [ 3 ] { 0, 1, 2 };
}
variable p630194991 {
  type discrete [ 3 ] { 0, 1, 2 };
}
variable p630388590 {
  type discrete [ 3 ] { 0, 1, 2 };
}
variable p630184291 {
  type discrete [ 3 ] { 0, 1, 2 };
}
variable p630322190 {
  type discrete [ 3 ] { 0, 1, 2 };
}
variable p630845888 {
  type discrete [ 3 ] { 0, 1, 2 };
}
variable p630322390 {
  type discrete [ 3 ] { 0, 1, 2 };
}
variable p630091391 {
  type discrete [ 3 ] { 0, 1, 2 };
}
variable p630258890 {
  type discrete [ 3 ] { 0, 1, 2 };
}
variable p630844188 {
  type discrete [ 3 ] { 0, 1, 2 };
}
variable p630258790 {
  type discrete [ 3 ] { 0, 1, 2 };
}
variable p630217392 {
  type discrete [ 3 ] { 0, 1, 2 };
}
variable p630328990 {
  type discrete [ 3 ] { 0, 1, 2 };
}
variable p630655987 {
  type discrete [ 3 ] { 0, 1, 2 };
}
variable p630043389 {
  type discrete [ 3 ] { 0, 1, 2 };
}
variable p893080087 {
  type discrete [ 3 ] { 0, 1, 2 };
}
variable p50132089 {
  type discrete [ 3 ] { 0, 1, 2 };
}
variable p630501586 {
  type discrete [ 3 ] { 0, 1, 2 };
}
variable p441046286 {
  type discrete [ 3 ] { 0, 1, 2 };
}
variable p547261686 {
  type discrete [ 3 ] { 0, 1, 2 };
}
variable p441134788 {
  type discrete [ 3 ] { 0, 1, 2 };
}
variable p441183089 {
  type discrete [ 3 ] { 0, 1, 2 };
}
variable p82318091 {
  type discrete [ 3 ] { 0, 1, 2 };
}
variable p82318191 {
  type discrete [ 3 ] { 0, 1, 2 };
}
variable p82150988 {
  type discrete [ 3 ] { 0, 1, 2 };
}
variable p392115490 {
  type discrete [ 3 ] { 0, 1, 2 };
}
variable p392115590 {
  type discrete [ 3 ] { 0, 1, 2 };
}
variable p82105387 {
  type discrete [ 3 ] { 0, 1, 2 };
}
variable p609110188 {
  type discrete [ 3 ] { 0, 1, 2 };
}
variable p82150688 {
  type discrete [ 3 ] { 0, 1, 2 };
}
variable p609133389 {
  type discrete [ 3 ] { 0, 1, 2 };
}
variable p609164891 {
  type discrete [ 3 ] { 0, 1, 2 };
}
variable p627246188 {
  type discrete [ 3 ] { 0, 1, 2 };
}
variable p627320490 {
  type discrete [ 3 ] { 0, 1, 2 };
}
variable p627367791 {
  type discrete [ 3 ] { 0, 1, 2 };
}
variable p751522389 {
  type discrete [ 3 ] { 0, 1, 2 };
}
variable p627378291 {
  type discrete [ 3 ] { 0, 1, 2 };
}
variable p197343392 {
  type discrete [ 3 ] { 0, 1, 2 };
}
variable p197224190 {
  type discrete [ 3 ] { 0, 1, 2 };
}
variable p197131588 {
  type discrete [ 3 ] { 0, 1, 2 };
}
variable p197143589 {
  type discrete [ 3 ] { 0, 1, 2 };
}
variable p197111387 {
  type discrete [ 3 ] { 0, 1, 2 };
}
variable p197114187 {
  type discrete [ 3 ] { 0, 1, 2 };
}
variable p197131688 {
  type discrete [ 3 ] { 0, 1, 2 };
}
variable p630068489 {
  type discrete [ 3 ] { 0, 1, 2 };
}
variable p197155489 {
  type discrete [ 3 ] { 0, 1, 2 };
}
variable p630388190 {
  type discrete [ 3 ] { 0, 1, 2 };
}
variable p48084991 {
  type discrete [ 3 ] { 0, 1, 2 };
}
variable p630886588 {
  type discrete [ 3 ] { 0, 1, 2 };
}
variable p630349790 {
  type discrete [ 3 ] { 0, 1, 2 };
}
variable p48084291 {
  type discrete [ 3 ] { 0, 1, 2 };
}
variable p48084391 {
  type discrete [ 3 ] { 0, 1, 2 };
}
variable p50249390 {
  type discrete [ 3 ] { 0, 1, 2 };
}
variable p50141889 {
  type discrete [ 3 ] { 0, 1, 2 };
}
variable p50249590 {
  type discrete [ 3 ] { 0, 1, 2 };
}
variable p48092591 {
  type discrete [ 3 ] { 0, 1, 2 };
}
variable p630659387 {
  type discrete [ 3 ] { 0, 1, 2 };
}
variable p630335990 {
  type discrete [ 3 ] { 0, 1, 2 };
}
variable p630155891 {
  type discrete [ 3 ] { 0, 1, 2 };
}
variable p630007589 {
  type discrete [ 3 ] { 0, 1, 2 };
}
variable p630370190 {
  type discrete [ 3 ] { 0, 1, 2 };
}
variable p50070388 {
  type discrete [ 3 ] { 0, 1, 2 };
}
variable p630798688 {
  type discrete [ 3 ] { 0, 1, 2 };
}
variable p50133089 {
  type discrete [ 3 ] { 0, 1, 2 };
}
variable p82282491 {
  type discrete [ 3 ] { 0, 1, 2 };
}
variable p82154688 {
  type discrete [ 3 ] { 0, 1, 2 };
}
variable p82093287 {
  type discrete [ 3 ] { 0, 1, 2 };
}
variable p82154888 {
  type discrete [ 3 ] { 0, 1, 2 };
}
variable p82071386 {
  type discrete [ 3 ] { 0, 1, 2 };
}
variable p750261487 {
  type discrete [ 3 ] { 0, 1, 2 };
}
variable p82140988 {
  type discrete [ 3 ] { 0, 1, 2 };
}
variable p627350790 {
  type discrete [ 3 ] { 0, 1, 2 };
}
variable p627257588 {
  type discrete [ 3 ] { 0, 1, 2 };
}
variable p627333990 {
  type discrete [ 3 ] { 0, 1, 2 };
}
variable p82155088 {
  type discrete [ 3 ] { 0, 1, 2 };
}
variable p627253288 {
  type discrete [ 3 ] { 0, 1, 2 };
}
variable p82265990 {
  type discrete [ 3 ] { 0, 1, 2 };
}
probability ( p630400490 ) {
  table 0.2568, 0.5040, 0.2392;
}
probability ( p48124091 | p630400490, p82265990 ) {
  (0, 0) 1.0, 0.0, 0.0;
  (1, 0) 0.496904, 0.503096, 0.000000;
  (2, 0) 0.0, 1.0, 0.0;
  (0, 1) 0.4870229, 0.5129771, 0.0000000;
  (1, 1) 0.2254032, 0.5088710, 0.2657258;
  (2, 1) 0.000000, 0.507377, 0.492623;
  (0, 2) 0.0, 1.0, 0.0;
  (1, 2) 0.0000000, 0.5039432, 0.4960568;
  (2, 2) 0.0, 0.0, 1.0;
}
probability ( p627270088 ) {
  table 0.2504, 0.5046, 0.2450;
}
probability ( p392115290 | p627270088, p627253288 ) {
  (0, 0) 1.0, 0.0, 0.0;
  (1, 0) 0.5123457, 0.4876543, 0.0000000;
  (2, 0) 0.0, 1.0, 0.0;
  (0, 1) 0.5102041, 0.4897959, 0.0000000;
  (1, 1) 0.2613144, 0.4962613, 0.2424242;
  (2, 1) 0.0000000, 0.5020178, 0.4979822;
  (0, 2) 0.0, 1.0, 0.0;
  (1, 2) 0.0000000, 0.4888337, 0.5111663;
  (2, 2) 0.0, 0.0, 1.0;
}
probability ( p627276488 ) {
  table 0.2428, 0.5043, 0.2529;
}
probability ( p392150190 | p627276488, p627253288 ) {
  (0, 0) 1.0, 0.0, 0.0;
  (1, 0) 0.4916996, 0.5083004, 0.0000000;
  (2, 0) 0.0, 1.0, 0.0;
  (0, 1) 0.5127572, 0.4872428, 0.0000000;
  (1, 1) 0.2438260, 0.5150921, 0.2410819;
  (2, 1) 0.0000000, 0.5131988, 0.4868012;
  (0, 2) 0.0, 1.0, 0.0;
  (1, 2) 0.0000000, 0.4930725, 0.5069275;
  (2, 2) 0.0, 0.0, 1.0;
}
probability ( p48109691 | p630384190, p83456290 ) {
  (0, 0) 1.0, 0.0, 0.0;
  (1, 0) 0.5015504, 0.4984496, 0.0000000;
  (2, 0) 0.0, 1.0, 0.0;
  (0, 1) 0.4762658, 0.5237342, 0.0000000;
  (1, 1) 0.2573123, 0.5067194, 0.2359684;
  (2, 1) 0.0000000, 0.5153019, 0.4846981;
  (0, 2) 0.0, 1.0, 0.0;
  (1, 2) 0.000000, 0.508871, 0.491129;
  (2, 2) 0.0, 0.0, 1.0;
}
probability ( p630071089 ) {
  table 0.2546, 0.4898, 0.2556;
}
probability ( p630067789 ) {
  table 0.2514, 0.5018, 0.2468;
}
probability ( p630384190 | p630071089, p630067789 ) {
  (0, 0) 1.0, 0.0, 0.0;
  (1, 0) 0.4909662, 0.5090338, 0.0000000;
  (2, 0) 0.0, 1.0, 0.0;
  (0, 1) 0.4931611, 0.5068389, 0.0000000;
  (1, 1) 0.2424116, 0.4993763, 0.2582121;
  (2, 1) 0.0000000, 0.5073246, 0.4926754;
  (0, 2) 0.0, 1.0, 0.0;
  (1, 2) 0.0000000, 0.5172131, 0.4827869;
  (2, 2) 0.0, 0.0, 1.0;
}
probability ( p48109791 | p630384190, p83456290 ) {
  (0, 0) 1.0, 0.0, 0.0;
  (1, 0) 0.4976744, 0.5023256, 0.0000000;
  (2, 0) 0.0, 1.0, 0.0;
  (0, 1) 0.5047468, 0.4952532, 0.0000000;
  (1, 1) 0.2328063, 0.5118577, 0.2553360;
  (2, 1) 0.0000000, 0.5062035, 0.4937965;
  (0, 2) 0.0, 1.0, 0.0;
  (1, 2) 0.0000000, 0.4959677, 0.5040323;
  (2, 2) 0.0, 0.0, 1.0;
}
probability ( p83306289 ) {
  table 0.2489, 0.5065, 0.2446;
}
probability ( p83456290 | p83306289, p82140988 ) {
  (0, 0) 1.0, 0.0, 0.0;
  (1, 0) 0.5149885, 0.4850115, 0.0000000;
  (2, 0) 0.0, 1.0, 0.0;
  (0, 1) 0.5024155, 0.4975845, 0.0000000;
  (1, 1) 0.2610602, 0.5009964, 0.2379434;
  (2, 1) 0.0000000, 0.4792703, 0.5207297;
  (0, 2) 0.0, 1.0, 0.0;
  (1, 2) 0.0000000, 0.5059761, 0.4940239;
  (2, 2) 0.0, 0.0, 1.0;
}
probability ( p277195691 | p277155690, p277162190 ) {
  (0, 0) 1.0, 0.0, 0.0;
  (1, 0) 0.5212934, 0.4787066, 0.0000000;
  (2, 0) 0.0, 1.0, 0.0;
  (0, 1) 0.4934211, 0.5065789, 0.0000000;
  (1, 1) 0.2597250, 0.4923379, 0.2479371;
  (2, 1) 0.0000000, 0.4731438, 0.5268562;
  (0, 2) 0.0, 1.0, 0.0;
  (1, 2) 0.0000000, 0.4915933, 0.5084067;
  (2, 2) 0.0, 0.0, 1.0;
}
probability ( p277114088 ) {
  table 0.2475, 0.4920, 0.2605;
}
probability ( p197132888 ) {
  table 0.2448, 0.5082, 0.2470;
}
probability ( p277155690 | p277114088, p197132888 ) {
  (0, 0) 1.0, 0.0, 0.0;
  (1, 0) 0.4764268, 0.5235732, 0.0000000;
  (2, 0) 0.0, 1.0, 0.0;
  (0, 1) 0.4793522, 0.5206478, 0.0000000;
  (1, 1) 0.2588189, 0.4974237, 0.2437574;
  (2, 1) 0.0000000, 0.5045317, 0.4954683;
  (0, 2) 0.0, 1.0, 0.0;
  (1, 2) 0.0000000, 0.5084175, 0.4915825;
  (2, 2) 0.0, 0.0, 1.0;
}
probability ( p277195791 | p277155690, p277162190 ) {
  (0, 0) 1.0, 0.0, 0.0;
  (1, 0) 0.4881703, 0.5118297, 0.0000000;
  (2, 0) 0.0, 1.0, 0.0;
  (0, 1) 0.5115132, 0.4884868, 0.0000000;
  (1, 1) 0.2526523, 0.4954813, 0.2518664;
  (2, 1) 0.0000000, 0.4984202, 0.5015798;
  (0, 2) 0.0, 1.0, 0.0;
  (1, 2) 0.0000000, 0.5204163, 0.4795837;
  (2, 2) 0.0, 0.0, 1.0;
}
probability ( p277111088 ) {
  table 0.2514, 0.5041, 0.2445;
}
probability ( p277162190 | p277111088, p82140988 ) {
  (0, 0) 1.0, 0.0, 0.0;
  (1, 0) 0.4903772, 0.5096228, 0.0000000;
  (2, 0) 0.0, 1.0, 0.0;
  (0, 1) 0.4890688, 0.5109312, 0.0000000;
  (1, 1) 0.2543260, 0.4929577, 0.2527163;
  (2, 1) 0.0000000, 0.4987874, 0.5012126;
  (0, 2) 0.0, 1.0, 0.0;
  (1, 2) 0.0000000, 0.4996022, 0.5003978;
  (2, 2) 0.0, 0.0, 1.0;
}
probability ( p216124491 | p216077190, p630396290 ) {
  (0, 0) 1.0, 0.0, 0.0;
  (1, 0) 0.5007886, 0.4992114, 0.0000000;
  (2, 0) 0.0, 1.0, 0.0;
  (0, 1) 0.4841076, 0.5158924, 0.0000000;
  (1, 1) 0.2408524, 0.4953760, 0.2637716;
  (2, 1) 0.0000000, 0.5040193, 0.4959807;
  (0, 2) 0.0, 1.0, 0.0;
  (1, 2) 0.0000000, 0.4996186, 0.5003814;
  (2, 2) 0.0, 0.0, 1.0;
}
probability ( p230416387 ) {
  table 0.249, 0.495, 0.256;
}
probability ( p216077190 | p230416387, p82140988 ) {
  (0, 0) 1.0, 0.0, 0.0;
  (1, 0) 0.5136399, 0.4863601, 0.0000000;
  (2, 0) 0.0, 1.0, 0.0;
  (0, 1) 0.4746687, 0.5253313, 0.0000000;
  (1, 1) 0.2389859, 0.5182876, 0.2427265;
  (2, 1) 0.0000000, 0.5126183, 0.4873817;
  (0, 2) 0.0, 1.0, 0.0;
  (1, 2) 0.0000000, 0.5067407, 0.4932593;
  (2, 2) 0.0, 0.0, 1.0;
}
probability ( p216124591 | p216077190, p630396290 ) {
  (0, 0) 1.0, 0.0, 0.0;
  (1, 0) 0.5007886, 0.4992114, 0.0000000;
  (2, 0) 0.0, 1.0, 0.0;
  (0, 1) 0.4784026, 0.5215974, 0.0000000;
  (1, 1) 0.2589465, 0.4941697, 0.2468838;
  (2, 1) 0.0000000, 0.5064309, 0.4935691;
  (0, 2) 0.0, 1.0, 0.0;
  (1, 2) 0.0000000, 0.5011442, 0.4988558;
  (2, 2) 0.0, 0.0, 1.0;
}
probability ( p630396290 ) {
  table 0.2520, 0.4958, 0.2522;
}
probability ( p630182291 | p630396290, p630299990 ) {
  (0, 0) 1.0, 0.0, 0.0;
  (1, 0) 0.507177, 0.492823, 0.000000;
  (2, 0) 0.0, 1.0, 0.0;
  (0, 1) 0.4983607, 0.5016393, 0.0000000;
  (1, 1) 0.2538712, 0.5024450, 0.2436838;
  (2, 1) 0.0000000, 0.4782609, 0.5217391;
  (0, 2) 0.0, 1.0, 0.0;
  (1, 2) 0.0000, 0.4968, 0.5032;
  (2, 2) 0.0, 0.0, 1.0;
}
probability ( p630031389 ) {
  table 0.2476, 0.5021, 0.2503;
}
probability ( p630299990 | p630031389, p82140988 ) {
  (0, 0) 1.0, 0.0, 0.0;
  (1, 0) 0.496112, 0.503888, 0.000000;
  (2, 0) 0.0, 1.0, 0.0;
  (0, 1) 0.527027, 0.472973, 0.000000;
  (1, 1) 0.2483766, 0.4922890, 0.2593344;
  (2, 1) 0.0000000, 0.4777328, 0.5222672;
  (0, 2) 0.0, 1.0, 0.0;
  (1, 2) 0.0000000, 0.4948859, 0.5051141;
  (2, 2) 0.0, 0.0, 1.0;
}
probability ( p82019685 ) {
  table 0.2501, 0.4914, 0.2585;
}
probability ( p803043885 ) {
  table 0.2537, 0.4986, 0.2477;
}
probability ( p751512889 ) {
  table 0.2526, 0.4974, 0.2500;
}
probability ( p392157391 | p751512889, p50133089 ) {
  (0, 0) 1.0, 0.0, 0.0;
  (1, 0) 0.4992114, 0.5007886, 0.0000000;
  (2, 0) 0.0, 1.0, 0.0;
  (0, 1) 0.4803392, 0.5196608, 0.0000000;
  (1, 1) 0.2555421, 0.5002015, 0.2442563;
  (2, 1) 0.0000000, 0.4796085, 0.5203915;
  (0, 2) 0.0, 1.0, 0.0;
  (1, 2) 0.0000000, 0.5012245, 0.4987755;
  (2, 2) 0.0, 0.0, 1.0;
}
probability ( p48147992 | p630439091, p630388390 ) {
  (0, 0) 1.0, 0.0, 0.0;
  (1, 0) 0.5008432, 0.4991568, 0.0000000;
  (2, 0) 0.0, 1.0, 0.0;
  (0, 1) 0.4973424, 0.5026576, 0.0000000;
  (1, 1) 0.2445521, 0.5096852, 0.2457627;
  (2, 1) 0.0000000, 0.4900398, 0.5099602;
  (0, 2) 0.0, 1.0, 0.0;
  (1, 2) 0.0000000, 0.5183374, 0.4816626;
  (2, 2) 0.0, 0.0, 1.0;
}
probability ( p630439091 ) {
  table 0.2573, 0.4891, 0.2536;
}
probability ( p48148092 | p630439091, p630388390 ) {
  (0, 0) 1.0, 0.0, 0.0;
  (1, 0) 0.4890388, 0.5109612, 0.0000000;
  (2, 0) 0.0, 1.0, 0.0;
  (0, 1) 0.5018983, 0.4981017, 0.0000000;
  (1, 1) 0.2522195, 0.4931396, 0.2546408;
  (2, 1) 0.0000000, 0.5003984, 0.4996016;
  (0, 2) 0.0, 1.0, 0.0;
  (1, 2) 0.0000000, 0.4979625, 0.5020375;
  (2, 2) 0.0, 0.0, 1.0;
}
probability ( p630388390 ) {
  table 0.2465, 0.5050, 0.2485;
}
probability ( p83567891 | p630388390, p83470790 ) {
  (0, 0) 1.0, 0.0, 0.0;
  (1, 0) 0.4913793, 0.5086207, 0.0000000;
  (2, 0) 0.0, 1.0, 0.0;
  (0, 1) 0.4930725, 0.5069275, 0.0000000;
  (1, 1) 0.2518072, 0.5000000, 0.2481928;
  (2, 1) 0.0000000, 0.4963913, 0.5036087;
  (0, 2) 0.0, 1.0, 0.0;
  (1, 2) 0.0000000, 0.4680685, 0.5319315;
  (2, 2) 0.0, 0.0, 1.0;
}
probability ( p83314589 ) {
  table 0.2498, 0.4989, 0.2513;
}
probability ( p83470790 | p83314589, p630798688 ) {
  (0, 0) 1.0, 0.0, 0.0;
  (1, 0) 0.5051546, 0.4948454, 0.0000000;
  (2, 0) 0.0, 1.0, 0.0;
  (0, 1) 0.5144695, 0.4855305, 0.0000000;
  (1, 1) 0.2418167, 0.5036825, 0.2545008;
  (2, 1) 0.0000000, 0.4692429, 0.5307571;
  (0, 2) 0.0, 1.0, 0.0;
  (1, 2) 0.0000000, 0.5007788, 0.4992212;
  (2, 2) 0.0, 0.0, 1.0;
}
probability ( p48084891 | p630388190, p630349790 ) {
  (0, 0) 1.0, 0.0, 0.0;
  (1, 0) 0.498358, 0.501642, 0.000000;
  (2, 0) 0.0, 1.0, 0.0;
  (0, 1) 0.4778405, 0.5221595, 0.0000000;
  (1, 1) 0.2389449, 0.5128006, 0.2482545;
  (2, 1) 0.000000, 0.498818, 0.501182;
  (0, 2) 0.0, 1.0, 0.0;
  (1, 2) 0.0000000, 0.4923817, 0.5076183;
  (2, 2) 0.0, 0.0, 1.0;
}
probability ( p630014189 ) {
  table 0.2491, 0.5056, 0.2453;
}
probability ( p630323790 | p630014189, p630798688 ) {
  (0, 0) 1.0, 0.0, 0.0;
  (1, 0) 0.4960317, 0.5039683, 0.0000000;
  (2, 0) 0.0, 1.0, 0.0;
  (0, 1) 0.4871176, 0.5128824, 0.0000000;
  (1, 1) 0.243805, 0.491207, 0.264988;
  (2, 1) 0.0000000, 0.4933993, 0.5066007;
  (0, 2) 0.0, 1.0, 0.0;
  (1, 2) 0.0000000, 0.4930448, 0.5069552;
  (2, 2) 0.0, 0.0, 1.0;
}
probability ( p630155091 | p630323790, p630388190 ) {
  (0, 0) 1.0, 0.0, 0.0;
  (1, 0) 0.5033058, 0.4966942, 0.0000000;
  (2, 0) 0.0, 1.0, 0.0;
  (0, 1) 0.4952153, 0.5047847, 0.0000000;
  (1, 1) 0.2544309, 0.4998031, 0.2457660;
  (2, 1) 0.0000, 0.4816, 0.5184;
  (0, 2) 0.0, 1.0, 0.0;
  (1, 2) 0.0000000, 0.4922449, 0.5077551;
  (2, 2) 0.0, 0.0, 1.0;
}
probability ( p543072191 | p543654190, p547097990 ) {
  (0, 0) 1.0, 0.0, 0.0;
  (1, 0) 0.4818182, 0.5181818, 0.0000000;
  (2, 0) 0.0, 1.0, 0.0;
  (0, 1) 0.5131783, 0.4868217, 0.0000000;
  (1, 1) 0.2704480, 0.4812988, 0.2482532;
  (2, 1) 0.0000000, 0.5344262, 0.4655738;
  (0, 2) 0.0, 1.0, 0.0;
  (1, 2) 0.0000000, 0.5312989, 0.4687011;
  (2, 2) 0.0, 0.0, 1.0;
}
probability ( p543472088 ) {
  table 0.2494, 0.4943, 0.2563;
}
probability ( p543654190 | p543472088, p82140988 ) {
  (0, 0) 1.0, 0.0, 0.0;
  (1, 0) 0.5260252, 0.4739748, 0.0000000;
  (2, 0) 0.0, 1.0, 0.0;
  (0, 1) 0.5008143, 0.4991857, 0.0000000;
  (1, 1) 0.2526574, 0.4873262, 0.2600164;
  (2, 1) 0.0000000, 0.4933749, 0.5066251;
  (0, 2) 0.0, 1.0, 0.0;
  (1, 2) 0.0000000, 0.5191212, 0.4808788;
  (2, 2) 0.0, 0.0, 1.0;
}
probability ( p543072291 | p543654190, p547097990 ) {
  (0, 0) 1.0, 0.0, 0.0;
  (1, 0) 0.4975207, 0.5024793, 0.0000000;
  (2, 0) 0.0, 1.0, 0.0;
  (0, 1) 0.5046512, 0.4953488, 0.0000000;
  (1, 1) 0.2474312, 0.5133580, 0.2392109;
  (2, 1) 0.000000, 0.504918, 0.495082;
  (0, 2) 0.0, 1.0, 0.0;
  (1, 2) 0.0000000, 0.4898279, 0.5101721;
  (2, 2) 0.0, 0.0, 1.0;
}
probability ( p547629489 ) {
  table 0.2481, 0.4973, 0.2546;
}
probability ( p547097990 | p547629489, p197140688 ) {
  (0, 0) 1.0, 0.0, 0.0;
  (1, 0) 0.4831373, 0.5168627, 0.0000000;
  (2, 0) 0.0, 1.0, 0.0;
  (0, 1) 0.4789515, 0.5210485, 0.0000000;
  (1, 1) 0.2557283, 0.4787234, 0.2655483;
  (2, 1) 0.0000000, 0.4749422, 0.5250578;
  (0, 2) 0.0, 1.0, 0.0;
  (1, 2) 0.0000000, 0.4824561, 0.5175439;
  (2, 2) 0.0, 0.0, 1.0;
}
probability ( p197119188 ) {
  table 0.2484, 0.5003, 0.2513;
}
probability ( p197140688 | p197119188, p197114187 ) {
  (0, 0) 1.0, 0.0, 0.0;
  (1, 0) 0.5214521, 0.4785479, 0.0000000;
  (2, 0) 0.0, 1.0, 0.0;
  (0, 1) 0.49166, 0.50834, 0.00000;
  (1, 1) 0.2585938, 0.4960938, 0.2453125;
  (2, 1) 0.0000000, 0.5062208, 0.4937792;
  (0, 2) 0.0, 1.0, 0.0;
  (1, 2) 0.0000000, 0.5166531, 0.4833469;
  (2, 2) 0.0, 0.0, 1.0;
}
probability ( p753023491 ) {
  table 0.2514, 0.4891, 0.2595;
}
probability ( p609183992 | p753023491, p609164891 ) {
  (0, 0) 1.0, 0.0, 0.0;
  (1, 0) 0.513214, 0.486786, 0.000000;
  (2, 0) 0.0, 1.0, 0.0;
  (0, 1) 0.5019577, 0.4980423, 0.0000000;
  (1, 1) 0.2474930, 0.5074208, 0.2450862;
  (2, 1) 0.0000000, 0.5026902, 0.4973098;
  (0, 2) 0.0, 1.0, 0.0;
  (1, 2) 0.0000000, 0.5126531, 0.4873469;
  (2, 2) 0.0, 0.0, 1.0;
}
probability ( p543036891 | p547054590, p543657690 ) {
  (0, 0) 1.0, 0.0, 0.0;
  (1, 0) 0.5293644, 0.4706356, 0.0000000;
  (2, 0) 0.0, 1.0, 0.0;
  (0, 1) 0.5309446, 0.4690554, 0.0000000;
  (1, 1) 0.2585089, 0.4846029, 0.2568882;
  (2, 1) 0.0000000, 0.5160256, 0.4839744;
  (0, 2) 0.0, 1.0, 0.0;
  (1, 2) 0.0000000, 0.5237342, 0.4762658;
  (2, 2) 0.0, 0.0, 1.0;
}
probability ( p547633289 ) {
  table 0.2489, 0.5014, 0.2497;
}
probability ( p547620489 ) {
  table 0.2502, 0.5037, 0.2461;
}
probability ( p547054590 | p547633289, p547620489 ) {
  (0, 0) 1.0, 0.0, 0.0;
  (1, 0) 0.4884093, 0.5115907, 0.0000000;
  (2, 0) 0.0, 1.0, 0.0;
  (0, 1) 0.5190779, 0.4809221, 0.0000000;
  (1, 1) 0.2373757, 0.5029821, 0.2596421;
  (2, 1) 0.0000000, 0.5031646, 0.4968354;
  (0, 2) 0.0, 1.0, 0.0;
  (1, 2) 0.0000000, 0.4959936, 0.5040064;
  (2, 2) 0.0, 0.0, 1.0;
}
probability ( p543036991 | p547054590, p543657690 ) {
  (0, 0) 1.0, 0.0, 0.0;
  (1, 0) 0.4843121, 0.5156879, 0.0000000;
  (2, 0) 0.0, 1.0, 0.0;
  (0, 1) 0.5081433, 0.4918567, 0.0000000;
  (1, 1) 0.2451378, 0.5072934, 0.2475689;
  (2, 1) 0.0000000, 0.5176282, 0.4823718;
  (0, 2) 0.0, 1.0, 0.0;
  (1, 2) 0.0000000, 0.5015823, 0.4984177;
  (2, 2) 0.0, 0.0, 1.0;
}
probability ( p543378087 ) {
  table 0.2466, 0.5020, 0.2514;
}
probability ( p197125588 ) {
  table 0.2458, 0.5019, 0.2523;
}
probability ( p543517389 | p543378087, p197125588 ) {
  (0, 0) 1.0, 0.0, 0.0;
  (1, 0) 0.4879615, 0.5120385, 0.0000000;
  (2, 0) 0.0, 1.0, 0.0;
  (0, 1) 0.5004036, 0.4995964, 0.0000000;
  (1, 1) 0.2497051, 0.4970507, 0.2532442;
  (2, 1) 0.0000000, 0.5270816, 0.4729184;
  (0, 2) 0.0, 1.0, 0.0;
  (1, 2) 0.0000000, 0.4857839, 0.5142161;
  (2, 2) 0.0, 0.0, 1.0;
}
probability ( p543657690 | p543517389, p82140988 ) {
  (0, 0) 1.0, 0.0, 0.0;
  (1, 0) 0.5081839, 0.4918161, 0.0000000;
  (2, 0) 0.0, 1.0, 0.0;
  (0, 1) 0.492671, 0.507329, 0.000000;
